FlyingOutEnemy2,7584,64,32,32,1,0
IcicleD,448,64,32,32,0,0
IcicleD,832,64,32,32,0,0
RushingOutEnemy,1152,448,32,32,0,0
Icicle,2240,96,32,32,0,0
FlyingOutEnemy2,2592,64,32,32,0,0
IcicleD,4160,64,32,32,0,0
IcicleD,3168,64,32,32,0,0
IcicleD,3040,64,32,32,0,0
Icicle,3360,64,32,32,0,0
Icicle,4288,64,32,32,0,0
IcicleD,4992,64,32,32,0,0
IcicleD,5088,64,32,32,0,0
SkatingEnemy,5760,320,32,32,0,0
SkatingEnemy,6016,288,32,32,0,0
Icicle,5856,64,32,32,0,0
RushingOutEnemy,6144,448,32,32,0,0
IcicleD,6240,64,32,32,0,0
IcicleD,6560,64,32,32,0,0
RushingOutEnemy,6624,448,32,32,0,0
SkatingEnemy,6880,224,32,32,0,0
RushingOutEnemy,7040,448,32,32,0,0
CollapsingFloor,6976,320,32,8,0,0
CollapsingFloor,7008,320,32,8,0,0
CollapsingFloor,7040,320,32,8,0,0
CollapsingFloor,7072,320,32,8,0,0
Icicle,7360,64,32,32,0,0
FlyingOutEnemy,7552,384,32,32,0,0
SkatingEnemy,7808,192,32,32,0,0
SkatingEnemy,8128,128,32,32,0,0
JumpingEnemy,8128,384,32,32,0,0
Icicle,8448,64,32,32,0,0
Icicle,8672,64,32,32,0,0
SkatingEnemy,9376,224,32,32,0,0
Icicle,9536,64,32,32,0,0
RushingOutEnemy,9312,448,32,32,0,0
RushingOutEnemy,9664,448,32,32,0,0
IcicleD,11328,96,32,32,0,0
RushingOutEnemy,11296,448,32,32,0,0
SkatingEnemy,12000,96,32,32,0,0
JumpingEnemy,12320,352,32,32,0,0
SkatingEnemy,12416,96,32,32,0,0
Block,0,0,32,32,0,0
Block,0,32,32,32,0,0
Block,32,0,32,32,0,0
Block,32,32,32,32,0,0
Block,64,32,32,32,0,0
Block,64,0,32,32,0,0
Block,96,0,32,32,0,0
Block,96,32,32,32,0,0
Block,128,32,32,32,0,0
Block,128,0,32,32,0,0
Block,160,0,32,32,0,0
Block,160,32,32,32,0,0
Block,192,32,32,32,0,0
Block,224,32,32,32,0,0
Block,256,32,32,32,0,0
Block,288,32,32,32,0,0
Block,352,32,32,32,0,0
Block,384,32,32,32,0,0
Block,416,32,32,32,0,0
Block,448,32,32,32,0,0
Block,480,32,32,32,0,0
Block,512,32,32,32,0,0
Block,544,32,32,32,0,0
Block,576,32,32,32,0,0
Block,608,32,32,32,0,0
Block,320,32,32,32,0,0
Block,192,0,32,32,0,0
Block,224,0,32,32,0,0
Block,256,0,32,32,0,0
Block,320,0,32,32,0,0
Block,352,0,32,32,0,0
Block,384,0,32,32,0,0
Block,416,0,32,32,0,0
Block,480,0,32,32,0,0
Block,512,0,32,32,0,0
Block,544,0,32,32,0,0
Block,576,0,32,32,0,0
Block,608,0,32,32,0,0
Block,448,0,32,32,0,0
Block,288,0,32,32,0,0
Block,640,0,32,32,0,0
Block,640,32,32,32,0,0
Block,672,32,32,32,0,0
Block,672,0,32,32,0,0
Block,704,0,32,32,0,0
Block,736,0,32,32,0,0
Block,768,0,32,32,0,0
Block,800,0,32,32,0,0
Block,832,0,32,32,0,0
Block,864,0,32,32,0,0
Block,896,0,32,32,0,0
Block,928,0,32,32,0,0
Block,960,0,32,32,0,0
Block,704,32,32,32,0,0
Block,768,32,32,32,0,0
Block,800,32,32,32,0,0
Block,832,32,32,32,0,0
Block,864,32,32,32,0,0
Block,896,32,32,32,0,0
Block,928,32,32,32,0,0
Block,960,32,32,32,0,0
Block,736,32,32,32,0,0
Block,992,416,32,32,0,0
Block,1024,416,32,32,0,0
Block,1056,416,32,32,0,0
Block,1024,32,32,32,0,0
Block,992,32,32,32,0,0
Block,1056,32,32,32,0,0
Block,1120,32,32,32,0,0
Block,1152,32,32,32,0,0
Block,1216,32,32,32,0,0
Block,1248,32,32,32,0,0
Block,1280,32,32,32,0,0
Block,1312,32,32,32,0,0
Block,1344,32,32,32,0,0
Block,1376,32,32,32,0,0
Block,1408,32,32,32,0,0
Block,1440,32,32,32,0,0
Block,1472,32,32,32,0,0
Block,1184,32,32,32,0,0
Block,1088,32,32,32,0,0
Block,1504,32,32,32,0,0
Block,1536,32,32,32,0,0
Block,1568,32,32,32,0,0
Block,1600,32,32,32,0,0
Block,1632,32,32,32,0,0
Block,1664,32,32,32,0,0
Block,1696,32,32,32,0,0
Block,1728,32,32,32,0,0
Block,1760,32,32,32,0,0
Block,1792,32,32,32,0,0
Block,1824,32,32,32,0,0
Block,2368,32,32,32,0,0
Block,2400,32,32,32,0,0
Block,2432,32,32,32,0,0
Block,2464,32,32,32,0,0
Block,2496,32,32,32,0,0
Block,2528,32,32,32,0,0
Block,2560,32,32,32,0,0
Block,2592,32,32,32,0,0
Block,2624,32,32,32,0,0
Block,2656,32,32,32,0,0
Block,2688,32,32,32,0,0
Block,2720,32,32,32,0,0
Block,2752,32,32,32,0,0
Block,2784,32,32,32,0,0
Block,2816,32,32,32,0,0
Block,2848,32,32,32,0,0
Block,2880,32,32,32,0,0
Block,2912,32,32,32,0,0
Block,2944,32,32,32,0,0
Block,2976,32,32,32,0,0
Block,3008,32,32,32,0,0
Block,3040,32,32,32,0,0
Block,3072,32,32,32,0,0
Block,3104,32,32,32,0,0
Block,3136,32,32,32,0,0
Block,3168,32,32,32,0,0
Block,3200,32,32,32,0,0
Block,3232,32,32,32,0,0
Block,3264,32,32,32,0,0
Block,3296,32,32,32,0,0
Block,3328,32,32,32,0,0
Block,3360,32,32,32,0,0
Block,3392,32,32,32,0,0
Block,3424,32,32,32,0,0
Block,3488,0,32,32,0,0
Block,4032,0,32,32,0,0
Block,4128,32,32,32,0,0
Block,4160,32,32,32,0,0
Block,4192,32,32,32,0,0
Block,4224,32,32,32,0,0
Block,4256,32,32,32,0,0
Block,4288,32,32,32,0,0
Block,4320,32,32,32,0,0
Block,4896,32,32,32,0,0
Block,4928,32,32,32,0,0
Block,4960,32,32,32,0,0
Block,4992,32,32,32,0,0
Block,5024,32,32,32,0,0
Block,5056,32,32,32,0,0
Block,5088,32,32,32,0,0
Block,5120,32,32,32,0,0
Block,5152,32,32,32,0,0
Block,5184,32,32,32,0,0
Block,5248,32,32,32,0,0
Block,5344,32,32,32,0,0
Block,5376,32,32,32,0,0
Block,5408,32,32,32,0,0
Block,5536,32,32,32,0,0
Block,5568,32,32,32,0,0
Block,5600,32,32,32,0,0
Block,5632,32,32,32,0,0
Block,5664,32,32,32,0,0
Block,5696,32,32,32,0,0
Block,5728,32,32,32,0,0
Block,5760,32,32,32,0,0
Block,5792,32,32,32,0,0
Block,5824,32,32,32,0,0
Block,5856,32,32,32,0,0
Block,5888,32,32,32,0,0
Block,5920,32,32,32,0,0
Block,5952,32,32,32,0,0
Block,5984,32,32,32,0,0
Block,6016,32,32,32,0,0
Block,6048,32,32,32,0,0
Block,6144,32,32,32,0,0
Block,6176,32,32,32,0,0
Block,6208,32,32,32,0,0
Block,6240,32,32,32,0,0
Block,6272,32,32,32,0,0
Block,6336,32,32,32,0,0
Block,6368,32,32,32,0,0
Block,6400,32,32,32,0,0
Block,6528,32,32,32,0,0
Block,6560,32,32,32,0,0
Block,0,448,32,32,0,0
Block,0,416,32,32,0,0
Block,32,416,32,32,0,0
Block,32,448,32,32,0,0
Block,64,416,32,32,0,0
Block,64,448,32,32,0,0
Block,96,448,32,32,0,0
Block,96,416,32,32,0,0
Block,128,448,32,32,0,0
Block,160,448,32,32,0,0
Block,160,416,32,32,0,0
Block,128,416,32,32,0,0
Block,192,416,32,32,0,0
Block,192,448,32,32,0,0
Block,224,480,32,32,0,0
Block,224,448,32,32,0,0
Block,224,416,32,32,0,0
Block,256,416,32,32,0,0
Block,256,448,32,32,0,0
Block,288,448,32,32,0,0
Block,288,416,32,32,0,0
Block,320,416,32,32,0,0
Block,320,448,32,32,0,0
Block,352,448,32,32,0,0
Block,352,416,32,32,0,0
Block,384,448,32,32,0,0
Block,384,416,32,32,0,0
Block,416,448,32,32,0,0
Block,448,448,32,32,0,0
Block,480,448,32,32,0,0
Block,512,448,32,32,0,0
Block,544,448,32,32,0,0
Block,576,448,32,32,0,0
Block,608,448,32,32,0,0
Block,640,448,32,32,0,0
Block,672,448,32,32,0,0
Block,704,448,32,32,0,0
Block,736,448,32,32,0,0
Block,768,448,32,32,0,0
Block,800,448,32,32,0,0
Block,832,448,32,32,0,0
Block,864,448,32,32,0,0
Block,896,448,32,32,0,0
Block,960,448,32,32,0,0
Block,928,448,32,32,0,0
Block,992,448,32,32,0,0
Block,1024,448,32,32,0,0
Block,1056,448,32,32,0,0
Block,1120,480,32,32,0,0
Block,1280,448,32,32,0,0
Block,1248,448,32,32,0,0
Block,1312,448,32,32,0,0
Block,1344,448,32,32,0,0
Block,1376,448,32,32,0,0
Block,1408,448,32,32,0,0
Block,1888,416,32,32,0,0
Block,1888,384,32,32,0,0
Block,1920,384,32,32,0,0
Block,1920,448,32,32,0,0
Block,1952,416,32,32,0,0
Block,1952,384,32,32,0,0
Block,1952,448,32,32,0,0
Block,1984,416,32,32,0,0
Block,1984,384,32,32,0,0
Block,2016,384,32,32,0,0
Block,2016,416,32,32,0,0
Block,2048,448,32,32,0,0
Block,2048,416,32,32,0,0
Block,2080,416,32,32,0,0
Block,2112,448,32,32,0,0
Block,2080,448,32,32,0,0
Block,2112,416,32,32,0,0
Block,2112,384,32,32,0,0
Block,2144,384,32,32,0,0
Block,2144,416,32,32,0,0
Block,2144,448,32,32,0,0
Block,2176,448,32,32,0,0
Block,2176,384,32,32,0,0
Block,2208,384,32,32,0,0
Block,2208,448,32,32,0,0
Block,2240,448,32,32,0,0
Block,2240,416,32,32,0,0
Block,2240,384,32,32,0,0
Block,2272,384,32,32,0,0
Block,2272,416,32,32,0,0
Block,2272,448,32,32,0,0
Block,2304,416,32,32,0,0
Block,2304,384,32,32,0,0
Block,2336,384,32,32,0,0
Block,2336,416,32,32,0,0
Block,2368,448,32,32,0,0
Block,2368,416,32,32,0,0
Block,2368,384,32,32,0,0
Block,2464,384,32,32,0,0
Block,2432,384,32,32,0,0
Block,2400,384,32,32,0,0
Block,2400,416,32,32,0,0
Block,2432,416,32,32,0,0
Block,2464,416,32,32,0,0
Block,2400,448,32,32,0,0
Block,2816,384,32,32,0,0
Block,2816,416,32,32,0,0
Block,2816,448,32,32,0,0
Block,2848,448,32,32,0,0
Block,2848,416,32,32,0,0
Block,2848,384,32,32,0,0
Block,2880,384,32,32,0,0
Block,2880,416,32,32,0,0
Block,2880,448,32,32,0,0
Block,2912,416,32,32,0,0
Block,2912,384,32,32,0,0
Block,2944,384,32,32,0,0
Block,3040,384,32,32,0,0
Block,3008,384,32,32,0,0
Block,2976,384,32,32,0,0
Block,3072,384,32,32,0,0
Block,3072,416,32,32,0,0
Block,3072,448,32,32,0,0
Block,3104,448,32,32,0,0
Block,3104,416,32,32,0,0
Block,3104,384,32,32,0,0
Block,3136,416,32,32,0,0
Block,3136,448,32,32,0,0
Block,3168,448,32,32,0,0
Block,3200,384,32,32,0,0
Block,3200,448,32,32,0,0
Block,3232,448,32,32,0,0
Block,3232,416,32,32,0,0
Block,3232,384,32,32,0,0
Block,3264,416,32,32,0,0
Block,3264,448,32,32,0,0
Block,3296,448,32,32,0,0
Block,3296,416,32,32,0,0
Block,3296,384,32,32,0,0
Block,3328,448,32,32,0,0
Block,3328,416,32,32,0,0
Block,3328,384,32,32,0,0
Block,3360,384,32,32,0,0
Block,3360,416,32,32,0,0
Block,3360,448,32,32,0,0
Block,3392,448,32,32,0,0
Block,3392,416,32,32,0,0
Block,3392,384,32,32,0,0
Block,3424,384,32,32,0,0
Block,3424,416,32,32,0,0
Block,3424,448,32,32,0,0
Block,3456,448,32,32,0,0
Block,3456,416,32,32,0,0
Block,3456,384,32,32,0,0
Block,3488,384,32,32,0,0
Block,3488,416,32,32,0,0
Block,3488,448,32,32,0,0
Block,3520,384,32,32,0,0
Block,3520,416,32,32,0,0
Block,3520,448,32,32,0,0
Block,3552,448,32,32,0,0
Block,3552,416,32,32,0,0
Block,3584,384,32,32,0,0
Block,3584,416,32,32,0,0
Block,3584,448,32,32,0,0
Block,3616,448,32,32,0,0
Block,3616,416,32,32,0,0
Block,3616,384,32,32,0,0
Block,3648,416,32,32,0,0
Block,3648,448,32,32,0,0
Block,3680,448,32,32,0,0
Block,3680,416,32,32,0,0
Block,3680,384,32,32,0,0
Block,4096,448,32,32,0,0
Block,4128,448,32,32,0,0
Block,4160,448,32,32,0,0
Block,4192,448,32,32,0,0
Block,4224,384,32,32,0,0
Block,4256,384,32,32,0,0
Block,4256,416,32,32,0,0
Block,4224,416,32,32,0,0
Block,4224,448,32,32,0,0
Block,4256,448,32,32,0,0
Block,4576,448,32,32,0,0
Block,4608,448,32,32,0,0
Block,4640,448,32,32,0,0
Block,4672,448,32,32,0,0
Block,4704,448,32,32,0,0
Block,4736,448,32,32,0,0
Block,4768,448,32,32,0,0
Block,4800,448,32,32,0,0
Block,4832,384,32,32,0,0
Block,4832,416,32,32,0,0
Block,4832,448,32,32,0,0
Block,4864,384,32,32,0,0
Block,4864,416,32,32,0,0
Block,4864,448,32,32,0,0
Block,4896,416,32,32,0,0
Block,4896,384,32,32,0,0
Block,4928,384,32,32,0,0
Block,4960,416,32,32,0,0
Block,4960,384,32,32,0,0
Block,4928,416,32,32,0,0
Block,4992,416,32,32,0,0
Block,4992,384,32,32,0,0
Block,5024,384,32,32,0,0
Block,5024,416,32,32,0,0
Block,5056,416,32,32,0,0
Block,5088,416,32,32,0,0
Block,5120,416,32,32,0,0
Block,5152,416,32,32,0,0
Block,5184,416,32,32,0,0
Block,5216,416,32,32,0,0
Block,5248,416,32,32,0,0
Block,5280,416,32,32,0,0
Block,5280,448,32,32,0,0
Block,5312,448,32,32,0,0
Block,5312,416,32,32,0,0
Block,5312,384,32,32,0,0
Block,4032,448,32,32,0,0
Block,4064,448,32,32,0,0
Block,5344,384,32,32,0,0
Block,5344,416,32,32,0,0
Block,5344,448,32,32,0,0
Block,5376,384,32,32,0,0
Block,5376,416,32,32,0,0
Block,5408,384,32,32,0,0
Block,5408,416,32,32,0,0
Block,5440,416,32,32,0,0
Block,5472,416,32,32,0,0
Block,5504,416,32,32,0,0
Block,416,416,32,32,0,0
Block,448,416,32,32,0,0
Block,480,416,32,32,0,0
Block,512,416,32,32,0,0
Block,544,416,32,32,0,0
Block,8384,448,32,32,0,0
Block,8448,448,32,32,0,0
Block,8416,448,32,32,0,0
Block,8544,448,32,32,0,0
Block,10656,448,32,32,0,0
Block,10688,448,32,32,0,0
Block,10720,448,32,32,0,0
Block,10752,448,32,32,0,0
Block,10784,448,32,32,0,0
Block,10816,448,32,32,0,0
Block,10848,448,32,32,0,0
Block,10880,448,32,32,0,0
Block,11712,416,32,32,0,0
Block,11712,448,32,32,0,0
Block,11744,448,32,32,0,0
Block,11744,416,32,32,0,0
Block,11776,448,32,32,0,0
Block,12160,448,32,32,0,0
Block,12192,448,32,32,0,0
Block,12224,448,32,32,0,0
Block,12288,448,32,32,0,0
Block,12320,448,32,32,0,0
Block,12352,448,32,32,0,0
Block,12416,448,32,32,0,0
Block,12480,448,32,32,0,0
Block,12512,448,32,32,0,0
Block,12544,448,32,32,0,0
Block,12544,416,32,32,0,0
Block,12576,416,32,32,0,0
Block,12608,448,32,32,0,0
Block,12576,448,32,32,0,0
Block,12640,448,32,32,0,0
Block,12640,416,32,32,0,0
Block,12672,448,32,32,0,0
Block,12704,448,32,32,0,0
Block,12736,448,32,32,0,0
Block,12768,448,32,32,0,0
Block,12768,416,32,32,0,0
Block,12800,448,32,32,0,0
Block,12832,448,32,32,0,0
Block,12864,448,32,32,0,0
Block,12896,448,32,32,0,0
Block,12896,416,32,32,0,0
Block,12928,416,32,32,0,0
Block,12928,448,32,32,0,0
Block,12960,448,32,32,0,0
Block,12960,416,32,32,0,0
Block,12992,448,32,32,0,0
Block,12992,416,32,32,0,0
Block,13024,416,32,32,0,0
Block,13024,448,32,32,0,0
Block,13056,416,32,32,0,0
Block,13056,448,32,32,0,0
Block,13088,416,32,32,0,0
Block,13088,448,32,32,0,0
Block,13120,448,32,32,0,0
Block,13120,416,32,32,0,0
Block,13152,416,32,32,0,0
Block,13152,448,32,32,0,0
Block,13184,448,32,32,0,0
Block,13184,416,32,32,0,0
Block,13216,416,32,32,0,0
Block,13216,448,32,32,0,0
Block,13248,448,32,32,0,0
Block,13248,416,32,32,0,0
Block,10208,416,32,32,0,0
Block,10240,416,32,32,0,0
Block,10208,448,32,32,0,0
Block,10240,448,32,32,0,0
Block,10272,448,32,32,0,0
Block,10272,416,32,32,0,0
Block,10304,416,32,32,0,0
Block,10304,448,32,32,0,0
Block,960,416,32,32,0,0
Block,3712,416,32,32,0,0
Block,3712,448,32,32,0,0
Block,3744,416,32,32,0,0
Block,3744,448,32,32,0,0
Block,3776,416,32,32,0,0
Block,3776,448,32,32,0,0
Block,5056,384,32,32,0,0
Block,3232,352,32,32,0,0
Block,3808,416,32,32,0,0
Block,3808,448,32,32,0,0
Block,3872,448,32,32,0,0
Block,3904,448,32,32,0,0
Block,3936,448,32,32,0,0
Block,3968,448,32,32,0,0
Block,4000,448,32,32,0,0
Block,3840,448,32,32,0,0
Block,5504,352,32,32,0,0
Block,5440,352,32,32,0,0
Block,5408,352,32,32,0,0
Block,5376,352,32,32,0,0
Block,5472,352,32,32,0,0
Block,6336,384,32,32,0,0
Block,6336,416,32,32,0,0
Block,6336,448,32,32,0,0
Block,6368,384,32,32,0,0
Block,6368,416,32,32,0,0
Block,6368,448,32,32,0,0
Block,6656,0,32,32,0,0
Block,6656,32,32,32,0,0
Block,6688,0,32,32,0,0
Block,6688,32,32,32,0,0
Block,6720,0,32,32,0,0
Block,6720,32,32,32,0,0
Block,6752,0,32,32,0,0
Block,6784,0,32,32,0,0
Block,6752,32,32,32,0,0
Block,6784,32,32,32,0,0
Block,6816,0,32,32,0,0
Block,6816,32,32,32,0,0
Block,6848,0,32,32,0,0
Block,6848,32,32,32,0,0
Block,6880,0,32,32,0,0
Block,6880,32,32,32,0,0
Block,6912,32,32,32,0,0
Block,6944,32,32,32,0,0
Block,6976,32,32,32,0,0
Block,7008,32,32,32,0,0
Block,7040,32,32,32,0,0
Block,6912,0,32,32,0,0
Block,6944,0,32,32,0,0
Block,6976,0,32,32,0,0
Block,7008,0,32,32,0,0
Block,7040,0,32,32,0,0
Block,6624,0,32,32,0,0
Block,6624,32,32,32,0,0
Block,6464,32,32,32,0,0
Block,7072,32,32,32,0,0
Block,7072,0,32,32,0,0
Block,7104,0,32,32,0,0
Block,7200,0,32,32,0,0
Block,7136,0,32,32,0,0
Block,6592,0,32,32,0,0
Block,7360,384,32,32,0,0
Block,7424,384,32,32,0,0
Block,7328,416,32,32,0,0
Block,7392,416,32,32,0,0
Block,7424,416,32,32,0,0
Block,7360,416,32,32,0,0
Block,7424,448,32,32,0,0
Block,7392,448,32,32,0,0
Block,7328,448,32,32,0,0
Block,7264,448,32,32,0,0
Block,7296,416,32,32,0,0
Block,7296,448,32,32,0,0
Block,7392,384,32,32,0,0
Block,7360,448,32,32,0,0
Block,7456,384,32,32,0,0
Block,7456,416,32,32,0,0
Block,7456,448,32,32,0,0
Block,7488,384,32,32,0,0
Block,7488,416,32,32,0,0
Block,7488,448,32,32,0,0
Block,7520,384,32,32,0,0
Block,7520,416,32,32,0,0
Block,7520,448,32,32,0,0
Block,7552,384,32,32,0,0
Block,7552,416,32,32,0,0
Block,7552,448,32,32,0,0
Block,7584,384,32,32,0,0
Block,7584,416,32,32,0,0
Block,7584,448,32,32,0,0
Block,7616,448,32,32,0,0
Block,7648,448,32,32,0,0
Block,7680,448,32,32,0,0
Block,7840,448,32,32,0,0
Block,7872,448,32,32,0,0
Block,8192,0,32,32,0,0
Block,8192,32,32,32,0,0
Block,8192,64,32,32,0,0
Block,8256,64,32,32,0,0
Block,8288,64,32,32,0,0
Block,8224,32,32,32,0,0
Block,8224,64,32,32,0,0
Block,8256,32,32,32,0,0
Block,8320,32,32,32,0,0
Block,8384,32,32,32,0,0
Block,8224,0,32,32,0,0
Block,8256,0,32,32,0,0
Block,8320,0,32,32,0,0
Block,8416,0,32,32,0,0
Block,8416,32,32,32,0,0
Block,8352,32,32,32,0,0
Block,8352,0,32,32,0,0
Block,8384,0,32,32,0,0
Block,8288,0,32,32,0,0
Block,8288,32,32,32,0,0
Block,8160,448,32,32,0,0
Block,8192,448,32,32,0,0
Block,8224,448,32,32,0,0
Block,8256,448,32,32,0,0
Block,8288,448,32,32,0,0
Block,8320,448,32,32,0,0
Block,8576,448,32,32,0,0
Block,8640,448,32,32,0,0
Block,8288,416,32,32,0,0
Block,8320,416,32,32,0,0
Block,8352,416,32,32,0,0
Block,8384,416,32,32,0,0
Block,8416,416,32,32,0,0
Block,8736,448,32,32,0,0
Block,8704,448,32,32,0,0
Block,8672,448,32,32,0,0
Block,8672,416,32,32,0,0
Block,8448,0,32,32,0,0
Block,8448,32,32,32,0,0
Block,8480,0,32,32,0,0
Block,8480,32,32,32,0,0
Block,8320,64,32,32,0,0
Block,8160,64,32,32,0,0
Block,8160,32,32,32,0,0
Block,8160,0,32,32,0,0
Block,8960,384,32,32,0,0
Block,8960,416,32,32,0,0
Block,8960,448,32,32,0,0
Block,9024,352,32,32,0,0
Block,9024,384,32,32,0,0
Block,9024,416,32,32,0,0
Block,9024,448,32,32,0,0
Block,8992,384,32,32,0,0
Block,8992,416,32,32,0,0
Block,8992,448,32,32,0,0
Block,9472,448,32,32,0,0
Block,9504,448,32,32,0,0
Block,9536,448,32,32,0,0
Block,10336,416,32,32,0,0
Block,10336,448,32,32,0,0
Block,10400,448,32,32,0,0
Block,10400,416,32,32,0,0
Block,10368,416,32,32,0,0
Block,10368,448,32,32,0,0
Block,10432,416,32,32,0,0
Block,10432,448,32,32,0,0
Block,10464,416,32,32,0,0
Block,10464,448,32,32,0,0
Block,10496,448,32,32,0,0
Block,10528,416,32,32,0,0
Block,10528,448,32,32,0,0
Block,10496,416,32,32,0,0
Block,10560,416,32,32,0,0
Block,10560,448,32,32,0,0
Block,10592,448,32,32,0,0
Block,10624,448,32,32,0,0
Block,10592,416,32,32,0,0
Block,11200,32,32,32,0,0
Block,11232,32,32,32,0,0
Block,11264,32,32,32,0,0
Block,11168,32,32,32,0,0
Block,11296,32,32,32,0,0
Block,11328,32,32,32,0,0
Block,11360,32,32,32,0,0
Block,11392,32,32,32,0,0
Block,11424,32,32,32,0,0
Block,11712,384,32,32,0,0
Block,11744,384,32,32,0,0
Block,10720,32,32,32,0,0
Block,11424,0,32,32,0,0
Block,11360,0,32,32,0,0
Block,11392,0,32,32,0,0
Block,11328,0,32,32,0,0
Block,11296,0,32,32,0,0
Block,11264,0,32,32,0,0
Block,11232,0,32,32,0,0
Block,11168,0,32,32,0,0
Block,11136,0,32,32,0,0
Block,11104,0,32,32,0,0
Block,11072,0,32,32,0,0
Block,11200,0,32,32,0,0
Block,3264,352,32,32,0,0
Block,3360,352,32,32,0,0
Block,3296,352,32,32,0,0
Block,3328,352,32,32,0,0
Block,6368,352,32,32,0,0
Block,6432,32,32,32,0,0
Block,6496,32,32,32,0,0
Block,6592,32,32,32,0,0
Block,6304,32,32,32,0,0
Block,13280,416,32,32,0,0
Block,13280,448,32,32,0,0
Block,13312,416,32,32,0,0
Block,13312,448,32,32,0,0
Block,13344,416,32,32,0,0
Block,13344,448,32,32,0,0
Block,13376,416,32,32,0,0
Block,13408,416,32,32,0,0
Block,13408,448,32,32,0,0
Block,13376,448,32,32,0,0
Block,13440,416,32,32,0,0
Block,13440,448,32,32,0,0
Block,13472,448,32,32,0,0
Block,13472,416,32,32,0,0
Block,13504,416,32,32,0,0
Block,13504,448,32,32,0,0
Block,13536,416,32,32,0,0
Block,13536,448,32,32,0,0
Block,13568,416,32,32,0,0
Block,13568,448,32,32,0,0
Block,13600,416,32,32,0,0
Block,13632,416,32,32,0,0
Block,13632,448,32,32,0,0
Block,13600,448,32,32,0,0
Block,13664,448,32,32,0,0
Block,13664,416,32,32,0,0
Block,13696,416,32,32,0,0
Block,13728,416,32,32,0,0
Block,13760,416,32,32,0,0
Block,13824,416,32,32,0,0
Block,13856,416,32,32,0,0
Block,13696,448,32,32,0,0
Block,13728,448,32,32,0,0
Block,13792,448,32,32,0,0
Block,13856,448,32,32,0,0
Block,13792,416,32,32,0,0
Block,13760,448,32,32,0,0
Block,13824,448,32,32,0,0
Block,7104,32,32,32,0,0
Block,7168,32,32,32,0,0
Block,7200,32,32,32,0,0
Block,7328,32,32,32,0,0
Block,7360,32,32,32,0,0
Block,7392,32,32,32,0,0
Block,7552,32,32,32,0,0
Block,7584,32,32,32,0,0
Block,7744,32,32,32,0,0
Block,7808,32,32,32,0,0
Block,7872,32,32,32,0,0
Block,7904,32,32,32,0,0
Block,7936,32,32,32,0,0
Block,8000,32,32,32,0,0
Block,8032,32,32,32,0,0
Block,8064,32,32,32,0,0
Block,8096,32,32,32,0,0
Block,8128,32,32,32,0,0
Block,7776,32,32,32,0,0
Block,7840,32,32,32,0,0
Block,7968,32,32,32,0,0
Block,8576,32,32,32,0,0
Block,8640,32,32,32,0,0
Block,8672,32,32,32,0,0
Block,8704,32,32,32,0,0
Block,8736,32,32,32,0,0
Block,8768,32,32,32,0,0
Block,8832,32,32,32,0,0
Block,8960,32,32,32,0,0
Block,8992,32,32,32,0,0
Block,9024,32,32,32,0,0
Block,9056,32,32,32,0,0
Block,9088,32,32,32,0,0
Block,9120,32,32,32,0,0
Block,9408,32,32,32,0,0
Block,9440,32,32,32,0,0
Block,9472,32,32,32,0,0
Block,9504,32,32,32,0,0
Block,9536,32,32,32,0,0
Block,9792,32,32,32,0,0
Block,9824,32,32,32,0,0
Block,9888,32,32,32,0,0
Block,9952,32,32,32,0,0
Block,10016,32,32,32,0,0
Block,10048,32,32,32,0,0
Block,10080,32,32,32,0,0
Block,10112,32,32,32,0,0
Block,9856,32,32,32,0,0
Block,9984,32,32,32,0,0
Block,9920,32,32,32,0,0
Block,10144,32,32,32,0,0
Block,10208,32,32,32,0,0
Block,10272,32,32,32,0,0
Block,10432,32,32,32,0,0
Block,10464,32,32,32,0,0
Block,10496,32,32,32,0,0
Block,10528,32,32,32,0,0
Block,10560,32,32,32,0,0
Block,10176,32,32,32,0,0
Block,10240,32,32,32,0,0
Block,10304,32,32,32,0,0
Block,10368,32,32,32,0,0
Block,10592,32,32,32,0,0
Block,10624,32,32,32,0,0
Block,10656,32,32,32,0,0
Block,10688,32,32,32,0,0
Block,10752,32,32,32,0,0
Block,10848,32,32,32,0,0
Block,10880,32,32,32,0,0
Block,10880,64,32,32,0,0
Block,10848,64,32,32,0,0
Block,10464,64,32,32,0,0
Block,10496,64,32,32,0,0
Block,10560,64,32,32,0,0
Block,10592,64,32,32,0,0
Block,10528,64,32,32,0,0
Block,11296,64,32,32,0,0
Block,11328,64,32,32,0,0
Block,11392,64,32,32,0,0
Block,11424,64,32,32,0,0
Block,11360,64,32,32,0,0
Block,11264,64,32,32,0,0
Block,11456,32,32,32,0,0
Block,11488,32,32,32,0,0
Block,11520,32,32,32,0,0
Block,11648,32,32,32,0,0
Block,11680,32,32,32,0,0
Block,11712,32,32,32,0,0
Block,11744,32,32,32,0,0
Block,11776,32,32,32,0,0
Block,11808,32,32,32,0,0
Block,11840,32,32,32,0,0
Block,11872,32,32,32,0,0
Block,11904,32,32,32,0,0
Block,11936,32,32,32,0,0
Block,11968,32,32,32,0,0
Block,12000,32,32,32,0,0
Block,12096,32,32,32,0,0
Block,12128,32,32,32,0,0
Block,12160,32,32,32,0,0
Block,12192,32,32,32,0,0
Block,12256,32,32,32,0,0
Block,12288,32,32,32,0,0
Block,12320,32,32,32,0,0
Block,12384,32,32,32,0,0
Block,12416,32,32,32,0,0
Block,960,384,32,32,0,0
Block,960,352,32,32,0,0
Block,960,320,32,32,0,0
Block,960,288,32,32,0,0
Block,992,288,32,32,0,0
Block,992,320,32,32,0,0
Block,992,352,32,32,0,0
Block,992,384,32,32,0,0
Block,1024,352,32,32,0,0
Block,1024,384,32,32,0,0
Block,1056,320,32,32,0,0
Block,1056,352,32,32,0,0
Block,1056,384,32,32,0,0
Block,1024,320,32,32,0,0
Block,1280,224,32,32,0,0
Block,1312,224,32,32,0,0
Block,1344,224,32,32,0,0
Block,1472,224,32,32,0,0
Block,1504,224,32,32,0,0
Block,1568,224,32,32,0,0
Block,1376,224,32,32,0,0
Block,1536,224,32,32,0,0
Block,1952,32,32,32,0,0
Block,1952,64,32,32,0,0
Block,2016,64,32,32,0,0
Block,2080,64,32,32,0,0
Block,2144,64,32,32,0,0
Block,2208,64,32,32,0,0
Block,2240,64,32,32,0,0
Block,1984,32,32,32,0,0
Block,1984,64,32,32,0,0
Block,2016,32,32,32,0,0
Block,2048,32,32,32,0,0
Block,2048,64,32,32,0,0
Block,2080,32,32,32,0,0
Block,2144,32,32,32,0,0
Block,2112,64,32,32,0,0
Block,2112,32,32,32,0,0
Block,2176,32,32,32,0,0
Block,2176,64,32,32,0,0
Block,2208,32,32,32,0,0
Block,2240,32,32,32,0,0
Block,2272,32,32,32,0,0
Block,2272,64,32,32,0,0
Block,2272,0,32,32,0,0
Block,2240,0,32,32,0,0
Block,2208,0,32,32,0,0
Block,2144,0,32,32,0,0
Block,2080,0,32,32,0,0
Block,2048,0,32,32,0,0
Block,2016,0,32,32,0,0
Block,1984,0,32,32,0,0
Block,1952,0,32,32,0,0
Block,2112,0,32,32,0,0
Block,2176,0,32,32,0,0
Block,2496,384,32,32,0,0
Block,2528,384,32,32,0,0
Block,2560,384,32,32,0,0
Block,2592,384,32,32,0,0
Block,2496,416,32,32,0,0
Block,2592,416,32,32,0,0
Block,2496,448,32,32,0,0
Block,2560,448,32,32,0,0
Block,2592,448,32,32,0,0
Block,2528,416,32,32,0,0
Block,2528,448,32,32,0,0
CollapsingFloor,2624,384,32,8,0,0
CollapsingFloor,2656,384,32,8,0,0
CollapsingFloor,2688,384,32,8,0,0
CollapsingFloor,2720,384,32,8,0,0
CollapsingFloor,2752,384,32,8,0,0
CollapsingFloor,2784,384,32,8,0,0
Water,1088,448,32,32,0,0
Water,1120,448,32,32,0,0
Water,1152,448,32,32,0,0
Water,1216,448,32,32,0,0
Water,1184,448,32,32,0,0
Water,2624,448,32,32,0,0
Water,2656,448,32,32,0,0
Water,2688,448,32,32,0,0
Water,2752,448,32,32,0,0
Water,2784,448,32,32,0,0
Water,2720,448,32,32,0,0
Block,4512,192,32,32,0,0
Block,4544,192,32,32,0,0
Block,4896,160,32,32,0,0
Block,4928,192,32,32,0,0
Block,4960,192,32,32,0,0
Block,5376,256,32,32,0,0
Block,5408,256,32,32,0,0
Block,5408,288,32,32,0,0
Block,5440,288,32,32,0,0
Block,5472,288,32,32,0,0
Block,5472,320,32,32,0,0
Block,5504,288,32,32,0,0
Block,5504,320,32,32,0,0
Block,6208,288,32,32,0,0
Block,6240,288,32,32,0,0
Block,6272,288,32,32,0,0
Block,6304,288,32,32,0,0
Block,6336,288,32,32,0,0
Block,6368,320,32,32,0,0
Block,6272,320,32,32,0,0
Block,6240,320,32,32,0,0
Block,6208,320,32,32,0,0
Block,6368,288,32,32,0,0
Block,6208,352,32,32,0,0
Block,6208,384,32,32,0,0
Block,6208,416,32,32,0,0
Block,6208,448,32,32,0,0
Block,6240,448,32,32,0,0
Block,6240,384,32,32,0,0
Block,6272,352,32,32,0,0
Block,6272,384,32,32,0,0
Block,6240,352,32,32,0,0
Block,6272,416,32,32,0,0
Block,6272,448,32,32,0,0
Block,6304,384,32,32,0,0
Block,6304,416,32,32,0,0
Block,6304,448,32,32,0,0
Block,6688,288,32,32,0,0
Block,6688,320,32,32,0,0
Block,6720,320,32,32,0,0
Block,6752,320,32,32,0,0
Block,6784,320,32,32,0,0
Block,6816,320,32,32,0,0
Block,6752,288,32,32,0,0
Block,6784,288,32,32,0,0
Block,6816,288,32,32,0,0
Block,6848,320,32,32,0,0
Block,6880,288,32,32,0,0
Block,6880,320,32,32,0,0
Block,7616,384,32,32,0,0
Block,7616,416,32,32,0,0
Block,8032,320,32,32,0,0
Block,8512,160,32,32,0,0
Block,8512,192,32,32,0,0
Block,8512,224,32,32,0,0
Block,8544,160,32,32,0,0
Block,8544,192,32,32,0,0
Block,8544,224,32,32,0,0
Block,8672,224,32,32,0,0
Block,8672,256,32,32,0,0
Block,8672,288,32,32,0,0
Block,8704,224,32,32,0,0
Block,8704,256,32,32,0,0
Block,8704,288,32,32,0,0
Block,8416,224,32,32,0,0
Block,8416,256,32,32,0,0
Block,8416,288,32,32,0,0
Block,8384,288,32,32,0,0
Block,8384,256,32,32,0,0
Block,8384,224,32,32,0,0
Block,8800,32,32,32,0,0
Block,8800,64,32,32,0,0
Block,8800,96,32,32,0,0
Block,8800,128,32,32,0,0
Block,9056,352,32,32,0,0
Block,9056,384,32,32,0,0
Block,9056,416,32,32,0,0
Block,9056,448,32,32,0,0
Block,9152,352,32,32,0,0
Block,9152,384,32,32,0,0
Block,9184,384,32,32,0,0
Block,9216,384,32,32,0,0
Block,9312,256,32,32,0,0
Block,9312,288,32,32,0,0
Block,9344,288,32,32,0,0
Block,9376,288,32,32,0,0
Block,9568,448,32,32,0,0
Block,11264,288,32,32,0,0
Block,11296,288,32,32,0,0
Block,11392,288,32,32,0,0
Block,11328,288,32,32,0,0
Block,11360,288,32,32,0,0
Block,12512,416,32,32,0,0
Block,12512,384,32,32,0,0
Block,12576,384,32,32,0,0
Block,12544,352,32,32,0,0
Block,12576,352,32,32,0,0
Block,12512,352,32,32,0,0
Block,12512,320,32,32,0,0
Block,12544,320,32,32,0,0
Block,12480,288,32,32,0,0
Block,12512,288,32,32,0,0
Block,12544,288,32,32,0,0
Block,12480,256,32,32,0,0
Block,12480,384,32,32,0,0
Block,12480,352,32,32,0,0
Block,12448,320,32,32,0,0
Block,1280,192,32,32,1,0
Block,1312,192,32,32,1,0
Block,1344,192,32,32,1,0
Block,1376,192,32,32,1,0
Block,1472,192,32,32,1,0
Block,1504,192,32,32,1,0
Block,1536,192,32,32,1,0
Block,1568,192,32,32,1,0
Block,928,416,32,32,1,0
Block,896,416,32,32,1,0
Block,864,416,32,32,1,0
Block,832,416,32,32,1,0
Block,768,416,32,32,1,0
Block,736,416,32,32,1,0
Block,576,416,32,32,1,0
Block,608,416,32,32,1,0
Block,640,416,32,32,1,0
Block,672,416,32,32,1,0
Block,704,416,32,32,1,0
Block,800,416,32,32,1,0
Block,1024,288,32,32,0,0
Block,1056,288,32,32,0,0
Block,1440,448,32,32,1,0
Block,1472,448,32,32,1,0
Block,1504,448,32,32,1,0
Block,1536,448,32,32,1,0
Block,1568,448,32,32,1,0
Block,1600,448,32,32,1,0
Block,1632,448,32,32,1,0
Block,1664,448,32,32,1,0
Block,1696,448,32,32,1,0
Block,1728,448,32,32,1,0
Block,1760,448,32,32,1,0
Block,1792,448,32,32,1,0
Block,1824,448,32,32,1,0
Block,1856,448,32,32,1,0
Block,1888,448,32,32,1,0
Block,1920,416,32,32,1,0
Block,1984,448,32,32,1,0
Block,2016,448,32,32,0,0
Block,2080,384,32,32,1,0
Block,2048,384,32,32,0,0
Block,2176,416,32,32,0,0
Block,2336,448,32,32,0,0
Block,2464,448,32,32,0,0
Block,2208,416,32,32,1,0
Block,2304,448,32,32,1,0
Block,2432,448,32,32,1,0
Block,2560,416,32,32,1,0
Block,1408,192,32,32,0,0
Block,1440,192,32,32,0,0
Block,1408,224,32,32,0,0
Block,1440,224,32,32,0,0
Block,3136,320,32,32,1,0
Block,3168,320,32,32,1,0
Block,3200,320,32,32,1,0
Block,3136,352,32,32,1,0
Block,3168,352,32,32,1,0
Block,3136,384,32,32,1,0
Block,3264,384,32,32,1,0
Block,2944,448,32,32,1,0
Block,3008,448,32,32,1,0
Block,3040,448,32,32,1,0
Block,2944,416,32,32,0,0
Block,2976,416,32,32,0,0
Block,3008,416,32,32,0,0
Block,3040,416,32,32,0,0
Block,2976,448,32,32,0,0
Block,2912,448,32,32,1,0
Block,3392,352,32,32,1,0
Block,3424,352,32,32,1,0
Block,3456,352,32,32,1,0
Block,3520,352,32,32,1,0
Block,3552,352,32,32,1,0
Block,3616,352,32,32,1,0
Block,3648,352,32,32,1,0
Block,3584,352,32,32,1,0
Block,3488,352,32,32,1,0
Block,3680,352,32,32,1,0
Block,3712,352,32,32,1,0
Block,3744,352,32,32,1,0
Block,3776,352,32,32,1,0
Block,3808,352,32,32,1,0
Block,4192,416,32,32,1,0
Block,4160,416,32,32,1,0
Block,4096,416,32,32,1,0
Block,4064,416,32,32,1,0
Block,3936,416,32,32,1,0
Block,3872,416,32,32,1,0
Block,3840,416,32,32,1,0
Block,3904,416,32,32,1,0
Block,3968,416,32,32,1,0
Block,4000,416,32,32,1,0
Block,4032,416,32,32,1,0
Block,4128,416,32,32,1,0
Block,3808,384,32,32,1,0
Block,3712,384,32,32,1,0
Block,3648,384,32,32,1,0
Block,3552,384,32,32,1,0
Block,3744,384,32,32,1,0
Block,3776,384,32,32,0,0
Block,3744,160,32,32,1,0
Water,4288,448,32,32,1,0
Water,4320,448,32,32,1,0
Water,4352,448,32,32,1,0
Water,4416,448,32,32,1,0
Water,4480,480,32,32,1,0
Water,4512,480,32,32,1,0
Water,4544,448,32,32,1,0
Water,4512,448,32,32,1,0
Water,4480,448,32,32,1,0
Water,4448,448,32,32,1,0
Block,4352,224,32,32,1,0
Block,4384,224,32,32,1,0
Block,4352,256,32,32,1,0
Block,4480,160,32,32,1,0
Block,4512,160,32,32,1,0
Block,4544,160,32,32,1,0
Block,4384,256,32,32,0,0
Block,4928,160,32,32,1,0
Block,4896,192,32,32,1,0
Block,5088,384,32,32,1,0
Block,5120,384,32,32,1,0
Block,5152,384,32,32,1,0
Block,5216,384,32,32,1,0
Block,5248,384,32,32,1,0
Block,5280,384,32,32,1,0
Block,5184,384,32,32,1,0
Water,4896,448,32,32,1,0
Water,4928,448,32,32,1,0
Water,4960,448,32,32,1,0
Water,4992,448,32,32,1,0
Water,5024,448,32,32,1,0
Water,5056,448,32,32,1,0
Water,5088,448,32,32,1,0
Water,5184,448,32,32,1,0
Water,5216,448,32,32,1,0
Water,5248,448,32,32,1,0
Water,5152,448,32,32,1,0
Water,5120,448,32,32,1,0
Block,5376,448,32,32,1,0
Block,5408,448,32,32,1,0
Block,5440,448,32,32,1,0
Block,5472,448,32,32,1,0
Block,5504,448,32,32,1,0
Block,5440,320,32,32,1,0
Block,5408,320,32,32,1,0
Block,5376,320,32,32,1,0
Block,5440,384,32,32,1,0
Block,5472,384,32,32,1,0
Block,5504,384,32,32,1,0
Block,5376,288,32,32,0,0
Block,5440,256,32,32,1,0
Block,5472,256,32,32,1,0
Block,5504,256,32,32,1,0
Block,6048,320,32,32,1,0
Block,6016,320,32,32,1,0
Block,5984,320,32,32,1,0
Block,5984,352,32,32,1,0
Block,5984,384,32,32,1,0
Block,5984,416,32,32,1,0
Block,5984,448,32,32,1,0
Block,6048,352,32,32,1,0
Block,6048,384,32,32,1,0
Block,6048,416,32,32,1,0
Block,6048,448,32,32,1,0
Block,6016,352,32,32,1,0
Water,5536,448,32,32,1,0
Water,5568,448,32,32,1,0
Water,5600,448,32,32,1,0
Water,5632,448,32,32,1,0
Water,5664,448,32,32,1,0
Water,5824,448,32,32,1,0
Water,5888,448,32,32,1,0
Water,5952,448,32,32,1,0
Water,6080,448,32,32,1,0
Water,6112,448,32,32,1,0
Water,6144,448,32,32,1,0
Water,6176,448,32,32,1,0
Water,6400,448,32,32,1,0
Water,6432,448,32,32,1,0
Water,6464,448,32,32,1,0
Water,6496,448,32,32,1,0
Water,6528,448,32,32,1,0
Water,6560,448,32,32,1,0
Water,6592,448,32,32,1,0
Water,6624,448,32,32,1,0
Water,6656,448,32,32,1,0
Water,6688,448,32,32,1,0
Water,6720,448,32,32,1,0
Water,6752,448,32,32,1,0
Water,6784,448,32,32,1,0
Water,6816,448,32,32,1,0
Water,6848,448,32,32,1,0
Water,6880,448,32,32,1,0
Water,6912,448,32,32,1,0
Water,6976,448,32,32,1,0
Water,7008,448,32,32,1,0
Water,7040,448,32,32,1,0
Water,7168,448,32,32,1,0
Water,7136,448,32,32,1,0
Water,7104,448,32,32,1,0
Water,7072,448,32,32,1,0
Block,6240,416,32,32,1,0
Block,6304,352,32,32,0,0
Block,6336,320,32,32,0,0
Block,6304,320,32,32,1,0
Block,6336,352,32,32,1,0
Block,6816,256,32,32,1,0
Block,6752,256,32,32,1,0
Block,6784,256,32,32,1,0
Block,6688,256,32,32,1,0
Block,6880,256,32,32,1,0
Block,7200,416,32,32,1,0
Block,7200,448,32,32,1,0
Block,7232,416,32,32,1,0
Block,7232,448,32,32,1,0
Block,7264,416,32,32,1,0
Block,8128,448,32,32,1,0
Block,8064,448,32,32,1,0
Block,8032,448,32,32,1,0
Block,7968,448,32,32,1,0
Block,7936,448,32,32,1,0
Block,7904,448,32,32,1,0
Block,8000,448,32,32,1,0
Block,8096,448,32,32,1,0
Block,7712,448,32,32,1,0
Block,7744,448,32,32,1,0
Block,7776,448,32,32,1,0
Block,7808,448,32,32,1,0
Block,8960,320,32,32,1,0
Block,8960,352,32,32,1,0
Block,8992,352,32,32,1,0
Block,8992,320,32,32,1,0
Block,9024,320,32,32,1,0
Block,9056,320,32,32,1,0
Water,8832,448,32,32,1,0
Water,8864,448,32,32,1,0
Water,8896,448,32,32,1,0
Water,8928,448,32,32,1,0
Water,9088,448,32,32,1,0
Water,9120,448,32,32,1,0
Water,9152,448,32,32,1,0
Water,9184,448,32,32,1,0
Water,9216,448,32,32,1,0
Water,9248,448,32,32,1,0
Water,9280,448,32,32,1,0
Water,9440,448,32,32,1,0
Water,9408,448,32,32,1,0
Water,9376,448,32,32,1,0
Water,9344,448,32,32,1,0
Water,9312,448,32,32,1,0
Block,9184,352,32,32,1,0
Block,9216,352,32,32,1,0
Block,9344,256,32,32,1,0
Block,9376,256,32,32,1,0
Block,9408,256,32,32,1,0
Block,9408,288,32,32,1,0
Block,9632,192,32,32,1,0
Block,9632,224,32,32,1,0
Block,9600,224,32,32,1,0
Block,9600,192,32,32,1,0
Water,9600,448,32,32,1,0
Water,9632,448,32,32,1,0
Water,9664,448,32,32,1,0
Water,9696,448,32,32,1,0
Water,9728,448,32,32,1,0
Water,9760,448,32,32,1,0
Block,9792,448,32,32,1,0
Block,9824,448,32,32,1,0
Block,9856,448,32,32,1,0
Block,9888,448,32,32,1,0
Block,9920,448,32,32,1,0
Block,9952,448,32,32,1,0
Block,9984,448,32,32,1,0
Water,10016,448,32,32,1,0
Water,10048,448,32,32,1,0
Water,10080,448,32,32,1,0
Water,10112,448,32,32,1,0
Water,10144,448,32,32,1,0
Water,10176,448,32,32,1,0
Water,10912,448,32,32,1,0
Water,10944,448,32,32,1,0
Water,10976,448,32,32,1,0
Water,11008,448,32,32,1,0
Water,11040,448,32,32,1,0
Water,11232,448,32,32,1,0
Water,11264,448,32,32,1,0
Water,11296,448,32,32,1,0
Water,11328,448,32,32,1,0
Block,11264,256,32,32,1,0
Block,11296,256,32,32,1,0
Block,11328,256,32,32,1,0
Block,11360,256,32,32,1,0
Block,11392,256,32,32,1,0
Block,11488,448,32,32,1,0
Water,11616,448,32,32,1,0
Water,11680,448,32,32,1,0
Block,11360,448,32,32,1,0
Block,11392,448,32,32,1,0
Block,11424,448,32,32,1,0
Block,11456,448,32,32,1,0
Water,11872,448,32,32,0,0
Water,11904,448,32,32,0,0
Water,11936,448,32,32,0,0
Water,11968,448,32,32,0,0
Water,12000,448,32,32,0,0
Water,12032,448,32,32,0,0
Water,12064,448,32,32,0,0
Water,12096,448,32,32,0,0
CollapsingBlock,3584,224,32,32,0,0
CollapsingBlock,3904,160,32,32,0,0
Block,5696,384,32,32,1,0
Block,5728,384,32,32,1,0
Block,5760,384,32,32,1,0
Block,5792,384,32,32,1,0
Block,5696,352,32,32,1,0
Block,5728,352,32,32,1,0
Block,5760,352,32,32,1,0
Block,5792,352,32,32,1,0
Block,5792,416,32,32,1,0
Block,5792,448,32,32,1,0
Block,5696,416,32,32,1,0
Block,5696,448,32,32,1,0
Block,5760,448,32,32,1,0
Block,5728,448,32,32,1,0
Block,5728,416,32,32,1,0
Block,5760,416,32,32,1,0
Block,6016,448,32,32,1,0
Block,6016,416,32,32,1,0
Block,6016,384,32,32,1,0
Block,6560,352,32,32,1,0
Block,6464,352,32,32,1,0
Block,6464,416,32,32,1,0
Block,6560,416,32,32,1,0
Block,6560,384,32,32,1,0
Block,6464,384,32,32,1,0
Block,6496,384,32,32,1,0
Block,6496,352,32,32,1,0
Block,6528,352,32,32,1,0
Block,6528,384,32,32,1,0
Block,6528,416,32,32,1,0
Block,6496,416,32,32,1,0
Block,6720,256,32,32,1,0
Block,6848,256,32,32,1,0
Block,6848,288,32,32,1,0
Block,6720,288,32,32,1,0
CollapsingFloor,7872,224,32,8,1,0
CollapsingFloor,7840,224,32,8,1,0
CollapsingFloor,7808,224,32,8,1,0
CollapsingFloor,7776,224,32,8,1,0
CollapsingFloor,7744,224,32,8,1,0
CollapsingFloor,7712,224,32,8,1,0
CollapsingFloor,8192,160,32,8,1,0
CollapsingFloor,8160,160,32,8,1,0
CollapsingFloor,8128,160,32,8,1,0
CollapsingFloor,8096,160,32,8,1,0
CollapsingFloor,8064,160,32,8,1,0
CollapsingFloor,8032,160,32,8,1,0
CollapsingFloor,8448,224,32,8,1,0
CollapsingFloor,8480,224,32,8,1,0
CollapsingFloor,8576,224,32,8,1,0
CollapsingFloor,8608,224,32,8,1,0
CollapsingFloor,8640,224,32,8,1,0
CollapsingFloor,8352,224,32,8,1,0
CollapsingFloor,8320,224,32,8,1,0
CollapsingFloor,8288,224,32,8,1,0
CollapsingFloor,9248,384,32,8,1,0
CollapsingFloor,9280,384,32,8,1,0
CollapsingFloor,9312,384,32,8,1,0
CollapsingFloor,9344,384,32,8,1,0
CollapsingFloor,9376,384,32,8,1,0
CollapsingFloor,9408,384,32,8,1,0
CollapsingFloor,9440,384,32,8,1,0
CollapsingFloor,9472,384,32,8,1,0
CollapsingFloor,9504,384,32,8,1,0
CollapsingFloor,9536,384,32,8,1,0
CollapsingFloor,9568,384,32,8,1,0
CollapsingFloor,9600,384,32,8,1,0
CollapsingFloor,9664,384,32,8,1,0
CollapsingFloor,9696,384,32,8,1,0
CollapsingFloor,9728,384,32,8,1,0
CollapsingFloor,9760,384,32,8,1,0
CollapsingFloor,9632,384,32,8,1,0
CollapsingFloor,9792,384,32,8,1,0
CollapsingFloor,9824,384,32,8,1,0
CollapsingFloor,9856,384,32,8,1,0
CollapsingFloor,9888,384,32,8,1,0
CollapsingFloor,9920,384,32,8,1,0
CollapsingFloor,9952,384,32,8,1,0
CollapsingFloor,9984,384,32,8,1,0
CollapsingFloor,10016,384,32,8,1,0
CollapsingFloor,10048,384,32,8,1,0
CollapsingFloor,10080,384,32,8,1,0
CollapsingFloor,10112,384,32,8,1,0
CollapsingFloor,10144,384,32,8,1,0
CollapsingFloor,10176,384,32,8,1,0
CollapsingBlock,10208,384,32,32,1,0
CollapsingBlock,10240,384,32,32,1,0
CollapsingBlock,10272,384,32,32,1,0
CollapsingBlock,10304,384,32,32,1,0
CollapsingBlock,10336,384,32,32,1,0
CollapsingBlock,10368,384,32,32,1,0
CollapsingBlock,10400,384,32,32,1,0
Block,10624,416,32,32,1,0
Block,10656,416,32,32,1,0
Block,10688,416,32,32,1,0
Block,10752,416,32,32,1,0
Block,10816,416,32,32,1,0
Block,10848,416,32,32,1,0
Block,10880,416,32,32,1,0
Block,10784,416,32,32,1,0
Block,10720,416,32,32,1,0
CollapsingFloor,10752,160,32,8,1,0
CollapsingFloor,10784,160,32,8,1,0
CollapsingFloor,10816,160,32,8,1,0
Block,11072,416,32,32,1,0
Block,11072,448,32,32,1,0
Block,11104,416,32,32,1,0
Block,11104,448,32,32,1,0
Block,11136,416,32,32,1,0
Block,11136,448,32,32,1,0
Block,11168,416,32,32,1,0
Block,11168,448,32,32,1,0
Block,11200,416,32,32,1,0
Block,11200,448,32,32,1,0
Block,11520,448,32,32,0,0
Block,11584,448,32,32,0,0
Block,11552,448,32,32,0,0
Block,11808,384,32,32,1,0
Block,11808,416,32,32,1,0
Block,11808,448,32,32,1,0
Block,11840,384,32,32,1,0
Block,11840,416,32,32,1,0
Block,11840,448,32,32,1,0
Block,11776,384,32,32,1,0
Block,11776,416,32,32,1,0
Block,11904,128,32,32,1,0
Block,11936,128,32,32,1,0
Block,11968,128,32,32,1,0
Block,12000,128,32,32,1,0
Block,12032,128,32,32,1,0
CollapsingFloor,12320,128,32,8,1,0
CollapsingFloor,12384,128,32,8,1,0
CollapsingFloor,12416,128,32,8,1,0
CollapsingFloor,12352,128,32,8,1,0
CollapsingFloor,12448,128,32,8,1,0
Block,12480,320,32,32,1,0
Block,12544,384,32,32,1,0
Block,12480,416,32,32,1,0
Block,12448,448,32,32,1,0
Block,12384,448,32,32,1,0
Block,12256,448,32,32,1,0
Block,12576,320,32,32,1,0
Block,12512,256,32,32,1,0
Block,12448,288,32,32,1,0
Block,12448,256,32,32,0,0
Block,12128,448,32,32,1,0
Block,12672,416,32,32,0,0
Block,12704,416,32,32,1,0
Block,12736,416,32,32,1,0
Block,12832,416,32,32,1,0
Block,12864,416,32,32,1,0
Block,12800,416,32,32,0,0
Block,12608,416,32,32,1,0
Block,2368,0,32,32,1,0
Block,-32,0,32,32,0,0
Block,-32,32,32,32,0,0
Block,-64,32,32,32,0,0
Block,-64,0,32,32,0,0
Block,-96,0,32,32,0,0
Block,-96,32,32,32,0,0
Block,-128,32,32,32,0,0
Block,-128,0,32,32,0,0
Block,-160,0,32,32,0,0
Block,-160,32,32,32,0,0
SkatingEnemy,992,256,32,32,0,0
SkatingEnemy,1888,352,32,32,0,0
FlyingEnemy2,1760,160,32,32,0,0
JumpingEnemy,2368,320,32,32,0,0
FlyingOutEnemy2,2720,64,32,32,0,0
FlyingEnemy2,2976,192,32,32,0,0
SnowBall,3744,256,32,32,0,0
JumpingEnemy,4000,384,32,32,0,0
Block,4224,192,32,32,1,0
SkatingEnemy,4224,160,32,32,1,0
RushingOutEnemy,4320,448,32,32,1,0
RushingOutEnemy,4512,448,32,32,1,0
RushingOutEnemy,4416,448,32,32,1,0
Water,4384,448,32,32,1,0
FlyingEnemy2,4704,224,32,32,1,0
SkatingEnemy,5184,352,32,32,1,0
SkatingEnemy,5472,224,32,32,1,0
JumpingEnemy,6304,256,32,32,1,0
FlyingEnemy2,7264,160,32,32,1,0
FlyingOutEnemy2,8896,32,32,32,1,0
FlyingEnemy2,9184,160,32,32,1,0
FlyingEnemy2,10176,160,32,32,1,0
JumpingEnemy,9888,352,32,32,1,0
JumpingEnemy,10752,384,32,32,1,0
JumpingEnemy,11168,384,32,32,1,0
SkatingEnemy,11808,352,32,32,1,0
FlyingEnemy2,11680,192,32,32,1,0
FlyingOutEnemy2,12000,160,32,32,1,0
SkatingEnemy,12512,224,32,32,1,0
FlyingEnemy2,12800,192,32,32,1,0
Block,13888,416,32,32,1,0
Block,13888,448,32,32,1,0
Block,13920,448,32,32,1,0
Block,13920,416,32,32,1,0
Block,13984,416,32,32,1,0
Block,14016,416,32,32,1,0
Block,14080,416,32,32,1,0
Block,14144,416,32,32,1,0
Block,14208,416,32,32,1,0
Block,14272,416,32,32,1,0
Block,14304,416,32,32,1,0
Block,13952,416,32,32,1,0
Block,13952,448,32,32,1,0
Block,14016,448,32,32,1,0
Block,14048,448,32,32,1,0
Block,14048,416,32,32,1,0
Block,13984,448,32,32,1,0
Block,14080,448,32,32,1,0
Block,14112,416,32,32,1,0
Block,14112,448,32,32,1,0
Block,14144,448,32,32,1,0
Block,14176,448,32,32,1,0
Block,14176,416,32,32,1,0
Block,14208,448,32,32,1,0
Block,14240,416,32,32,1,0
Block,14240,448,32,32,1,0
Block,14272,448,32,32,1,0
Block,14336,448,32,32,1,0
Block,14400,448,32,32,1,0
Block,14464,448,32,32,1,0
Block,14528,448,32,32,1,0
Block,14560,448,32,32,1,0
Block,14336,416,32,32,1,0
Block,14432,416,32,32,1,0
Block,14528,416,32,32,1,0
Block,14560,416,32,32,1,0
Block,14496,448,32,32,1,0
Block,14496,416,32,32,1,0
Block,14464,416,32,32,1,0
Block,14432,448,32,32,1,0
Block,14400,416,32,32,1,0
Block,14368,416,32,32,1,0
Block,14368,448,32,32,1,0
Block,14304,448,32,32,1,0
Block,14592,416,32,32,1,0
Block,14688,416,32,32,1,0
Block,14752,416,32,32,1,0
Block,14816,416,32,32,1,0
Block,14880,416,32,32,1,0
Block,14944,416,32,32,1,0
Block,14592,448,32,32,1,0
Block,14688,448,32,32,1,0
Block,14784,448,32,32,1,0
Block,14848,448,32,32,1,0
Block,14912,448,32,32,1,0
Block,14944,448,32,32,1,0
Block,14624,416,32,32,1,0
Block,14624,448,32,32,1,0
Block,14720,416,32,32,1,0
Block,14720,448,32,32,1,0
Block,14656,416,32,32,1,0
Block,14656,448,32,32,1,0
Block,14752,448,32,32,1,0
Block,14784,416,32,32,1,0
Block,14816,448,32,32,1,0
Block,14848,416,32,32,1,0
Block,14880,448,32,32,1,0
Block,14912,416,32,32,1,0
Block,14976,416,32,32,1,0
Block,14976,448,32,32,1,0
Block,15008,448,32,32,1,0
Block,15008,416,32,32,1,0
Block,15008,352,32,32,1,0
Block,15008,288,32,32,1,0
Block,15008,224,32,32,1,0
Block,15008,160,32,32,1,0
Block,15008,96,32,32,1,0
Block,15008,32,32,32,1,0
Block,15008,0,32,32,1,0
Block,14976,0,32,32,1,0
Block,14976,64,32,32,1,0
Block,14976,96,32,32,1,0
Block,14976,160,32,32,1,0
Block,14976,224,32,32,1,0
Block,14976,256,32,32,1,0
Block,14976,320,32,32,1,0
Block,14976,384,32,32,1,0
Block,15008,384,32,32,1,0
Block,14976,352,32,32,1,0
Block,15008,320,32,32,1,0
Block,14976,288,32,32,1,0
Block,15008,256,32,32,1,0
Block,14976,192,32,32,1,0
Block,15008,192,32,32,1,0
Block,14976,128,32,32,1,0
Block,15008,128,32,32,1,0
Block,15008,64,32,32,1,0
Block,14976,32,32,32,1,0
Block,3232,320,32,32,1,0
Block,3200,352,32,32,1,0
Block,3168,384,32,32,1,0
Block,3168,416,32,32,1,0
Block,3200,416,32,32,1,0
CollapsingFloor,4288,384,32,8,1,0
CollapsingFloor,4320,384,32,8,1,0
CollapsingFloor,4352,384,32,8,1,0
CollapsingFloor,4384,384,32,8,1,0
CollapsingFloor,4416,384,32,8,1,0
CollapsingFloor,4448,384,32,8,1,0
CollapsingFloor,4480,384,32,8,1,0
CollapsingFloor,4512,384,32,8,1,0
CollapsingFloor,4544,384,32,8,1,0
CollapsingFloor,4576,384,32,8,1,0
CollapsingFloor,4608,384,32,8,1,0
CollapsingFloor,4640,384,32,8,1,0
CollapsingFloor,4672,384,32,8,1,0
CollapsingFloor,4704,384,32,8,1,0
CollapsingFloor,4736,384,32,8,1,0
CollapsingFloor,4768,384,32,8,1,0
CollapsingFloor,4800,384,32,8,1,0
CollapsingFloor,4672,160,32,8,1,0
CollapsingFloor,4704,160,32,8,1,0
CollapsingFloor,4736,160,32,8,1,0
CollapsingFloor,4768,160,32,8,1,0
Water,5856,448,32,32,1,0
Water,5920,448,32,32,1,0
RushingOutEnemy,5888,448,32,32,1,0
RushingOutEnemy,5600,448,32,32,1,0
Water,6944,448,32,32,1,0
Block,8448,416,32,32,1,0
Block,8480,416,32,32,1,0
Block,8512,416,32,32,1,0
Block,8544,416,32,32,1,0
Block,8576,416,32,32,1,0
Block,8608,416,32,32,1,0
Block,8640,384,32,32,1,0
Block,8672,384,32,32,1,0
Block,8704,384,32,32,1,0
Block,8736,384,32,32,1,0
Block,8768,384,32,32,1,0
Block,8800,384,32,32,1,0
Block,8736,416,32,32,1,0
Block,8768,416,32,32,1,0
Block,8800,416,32,32,1,0
Block,8768,448,32,32,1,0
Block,8800,448,32,32,1,0
Block,8704,416,32,32,1,0
Block,8640,416,32,32,1,0
Block,8608,448,32,32,1,0
Block,8480,448,32,32,1,0
Block,8512,448,32,32,1,0
Block,8352,448,32,32,1,0
Block,8832,64,32,32,0,0
Block,8832,96,32,32,0,0
Block,8832,128,32,32,0,0
SkatingEnemy,10784,128,32,32,0,0
CollapsingFloor,10720,160,32,8,0,0
CollapsingFloor,10688,160,32,8,0,0
CollapsingFloor,10656,160,32,8,0,0
FlyingEnemy2,11072,192,32,32,0,0
Water,11648,448,32,32,0,0
FlyingEnemy2,12192,192,32,32,0,0
FlyingOutEnemy2,5216,64,32,32,0,0
Block,5216,32,32,32,0,0
FlyingOutEnemy2,7136,64,32,32,0,0
Block,7136,32,32,32,0,0
FlyingOutEnemy2,8608,64,32,32,0,0
Block,8608,32,32,32,0,0
Block,10400,32,32,32,0,0
Block,10336,32,32,32,0,0
FlyingOutEnemy2,10336,64,32,32,0,0
FlyingOutEnemy2,10400,64,32,32,0,0