Block,14720,0,32,32,0,0
Block,14720,32,32,32,0,0
Block,14720,64,32,32,0,0
Block,14720,96,32,32,0,0
Block,14720,128,32,32,0,0
Block,14720,160,32,32,0,0
Block,14720,192,32,32,0,0
Block,14720,224,32,32,0,0
Block,14720,256,32,32,0,0
Block,14720,288,32,32,0,0
Block,14720,320,32,32,0,0
Block,14720,352,32,32,0,0
Block,14720,384,32,32,0,0
Block,14720,416,32,32,0,0
Block,14720,448,32,32,0,0
Block,14688,416,32,32,0,0
Block,14592,416,32,32,0,0
Block,14528,416,32,32,0,0
Block,14496,416,32,32,0,0
Block,14464,416,32,32,0,0
Block,14400,416,32,32,0,0
Block,14336,416,32,32,0,0
Block,14304,416,32,32,0,0
Block,14272,416,32,32,0,0
Block,14240,416,32,32,0,0
Block,14208,416,32,32,0,0
Block,14368,416,32,32,0,0
Block,14432,416,32,32,0,0
Block,14560,416,32,32,0,0
Block,14656,416,32,32,0,0
Block,14624,416,32,32,0,0
Block,14688,448,32,32,0,0
Block,14656,448,32,32,0,0
Block,14624,448,32,32,0,0
Block,14560,448,32,32,0,0
Block,14528,448,32,32,0,0
Block,14496,448,32,32,0,0
Block,14464,448,32,32,0,0
Block,14400,448,32,32,0,0
Block,14336,448,32,32,0,0
Block,14304,448,32,32,0,0
Block,14240,448,32,32,0,0
Block,14208,448,32,32,0,0
Block,14272,448,32,32,0,0
Block,14368,448,32,32,0,0
Block,14432,448,32,32,0,0
Block,14592,448,32,32,0,0
Block,14176,416,32,32,0,0
Block,14176,448,32,32,0,0
Block,14144,448,32,32,0,0
Block,14112,448,32,32,0,0
Block,14048,448,32,32,0,0
Block,14016,448,32,32,0,0
Block,13984,448,32,32,0,0
Block,13920,448,32,32,0,0
Block,13888,448,32,32,0,0
Block,13888,416,32,32,0,0
Block,13920,416,32,32,0,0
Block,13952,416,32,32,0,0
Block,13952,448,32,32,0,0
Block,13984,416,32,32,0,0
Block,14016,416,32,32,0,0
Block,14048,416,32,32,0,0
Block,14080,416,32,32,0,0
Block,14112,416,32,32,0,0
Block,14144,416,32,32,0,0
Block,14080,448,32,32,0,0
Block,14688,384,32,32,0,0
Block,14688,352,32,32,0,0
Block,14688,320,32,32,0,0
Block,14688,288,32,32,0,0
Block,14688,256,32,32,0,0
Block,14688,192,32,32,0,0
Block,14688,160,32,32,0,0
Block,14688,128,32,32,0,0
Block,14688,96,32,32,0,0
Block,14688,64,32,32,0,0
Block,14688,32,32,32,0,0
Block,14688,0,32,32,0,0
Block,14688,224,32,32,0,0
JumpingEnemy,12192,352,32,32,0,0
JumpingEnemy,12256,352,32,32,0,0
JumpingEnemy,12320,352,32,32,0,0
FlyingOutEnemy,12032,128,32,32,0,0
FlyingOutEnemy,11808,320,32,32,0,0
FlyingOutEnemy,11744,416,32,32,0,0
JumpingEnemy,11584,160,32,32,0,0
JumpingEnemy,11520,256,32,32,0,0
JumpingEnemy,11424,128,32,32,0,0
JumpingEnemy,11264,320,32,32,0,0
JumpingEnemy,11072,352,32,32,0,0
JumpingEnemy,11008,128,32,32,0,0
FlyingEnemy,10624,128,32,32,0,0
FlyingOutEnemy,10208,384,32,32,0,0
FlyingOutEnemy,10272,384,32,32,0,0
FlyingOutEnemy,10496,384,32,32,0,0
FlyingEnemy,10112,96,32,32,0,0
StationalEnemy,9920,128,32,32,0,0
Block,9920,160,32,32,0,0
Block,9952,160,32,32,0,0
Block,9952,192,32,32,0,0
Block,9920,192,32,32,0,0
JumpingEnemy,9888,320,32,32,0,0
JumpingEnemy,9824,320,32,32,0,0
JumpingEnemy,9504,160,32,32,0,0
JumpingEnemy,9248,256,32,32,0,0
FlyingEnemy,8992,128,32,32,0,0
FlyingOutEnemy,8928,448,32,32,0,0
FlyingOutEnemy,8672,448,32,32,0,0
FlyingOutEnemy,8544,128,32,32,0,0
JumpingEnemy3,8544,224,32,32,0,0
JumpingEnemy3,8512,192,32,32,0,0
CollapsingBlock,8352,256,32,32,0,0
FlyingOutEnemy,8032,352,32,32,0,0
FlyingOutEnemy2,8256,96,32,32,0,0
JumpingEnemy,7840,384,32,32,0,0
JumpingEnemy,7840,352,32,32,0,0
JumpingEnemy,7808,384,32,32,0,0
JumpingEnemy,7808,352,32,32,0,0
JumpingEnemy,7776,352,32,32,0,0
JumpingEnemy,7776,384,32,32,0,0
FlyingOutEnemy,7872,160,32,32,0,0
FlyingOutEnemy,7808,192,32,32,0,0
FlyingOutEnemy,7744,224,32,32,0,0
FlyingOutEnemy,7648,288,32,32,0,0
FlyingOutEnemy,7584,352,32,32,0,0
ShootingEnemy,7296,64,32,32,0,0
JumpingEnemy,7552,224,32,32,0,0
FlyingEnemy,6976,96,32,32,0,0
StationalEnemy,6240,96,32,32,0,0
DamageBlock,6048,160,32,32,0,0
SkatingEnemy2,6048,96,32,32,0,0
JumpingEnemy3,5984,160,32,32,0,0
FlyingEnemy,5440,96,32,32,0,0
JumpingEnemy,5184,224,32,32,0,0
JumpingEnemy,5216,256,32,32,0,0
JumpingEnemy,5728,256,32,32,0,0
JumpingEnemy,5696,224,32,32,0,0
JumpingEnemy,4608,160,32,32,0,0
JumpingEnemy,4640,192,32,32,0,0
FlyingEnemy,4352,256,32,32,0,0
ShootingEnemy,4768,320,32,32,0,0
FlyingEnemy,4160,96,32,32,0,0
Water,3776,448,32,32,0,0
Water,3744,448,32,32,0,0
Water,3680,448,32,32,0,0
Water,3648,448,32,32,0,0
Water,3712,448,32,32,0,0
RushingOutEnemy,3808,448,32,32,0,0
RushingOutEnemy,3616,448,32,32,0,0
JumpingEnemy,3392,320,32,32,0,0
JumpingEnemy,3456,320,32,32,0,0
FlyingOutEnemy,3072,288,32,32,0,0
FlyingOutEnemy,3008,288,32,32,0,0
JumpingEnemy,2976,256,32,32,0,0
FlyingEnemy,2464,160,32,32,0,0
JumpingEnemy,2144,352,32,32,0,0
JumpingEnemy,2240,352,32,32,0,0
FlyingEnemy,1312,96,32,32,0,0
FlyingOutEnemy,1824,448,32,32,0,0
FlyingOutEnemy,1088,320,32,32,0,0
FlyingOutEnemy,864,416,32,32,0,0
Block,2080,0,32,32,0,0
Block,2144,0,32,32,0,0
Block,2112,64,32,32,0,0
Block,2144,64,32,32,0,0
Block,2144,32,32,32,0,0
Block,2176,32,32,32,0,0
Block,2208,32,32,32,0,0
Block,2208,0,32,32,0,0
Block,2176,64,32,32,0,0
Block,2208,64,32,32,0,0
Block,2240,64,32,32,0,0
Block,2240,32,32,32,0,0
Block,2272,32,32,32,0,0
Block,2272,64,32,32,0,0
Block,2304,64,32,32,0,0
Block,2304,0,32,32,0,0
Block,2336,64,32,32,0,0
Block,2336,32,32,32,0,0
Block,2304,32,32,32,0,0
-Slope0,1952,64,32,32,0,0
-Slope0,1920,32,32,32,0,0
Block,992,416,32,32,0,0
Block,992,384,32,32,0,0
Block,992,352,32,32,0,0
Block,992,320,32,32,0,0
Block,1024,320,32,32,0,0
Block,1024,352,32,32,0,0
Block,1024,384,32,32,0,0
Block,1024,416,32,32,0,0
Block,1056,416,32,32,0,0
Block,1088,416,32,32,0,0
Block,1120,416,32,32,0,0
Block,1152,416,32,32,0,0
Block,1184,416,32,32,0,0
Block,1056,384,32,32,0,0
Block,1056,352,32,32,0,0
Block,1056,320,32,32,0,0
Block,1088,320,32,32,0,0
Block,1120,320,32,32,0,0
Block,1152,320,32,32,0,0
Block,1088,352,32,32,0,0
Block,1088,384,32,32,0,0
Block,1120,352,32,32,0,0
Block,1120,384,32,32,0,0
Block,1152,352,32,32,0,0
Block,1152,384,32,32,0,0
Block,0,448,32,32,0,0
Block,0,416,32,32,0,0
Block,32,416,32,32,0,0
Block,32,448,32,32,0,0
Block,64,416,32,32,0,0
Block,64,448,32,32,0,0
Block,96,448,32,32,0,0
Block,96,416,32,32,0,0
Block,128,448,32,32,0,0
Block,160,448,32,32,0,0
Block,160,416,32,32,0,0
Block,128,416,32,32,0,0
Block,192,416,32,32,0,0
Block,192,448,32,32,0,0
Block,224,480,32,32,0,0
Block,224,448,32,32,0,0
Block,224,416,32,32,0,0
Block,256,416,32,32,0,0
Block,256,448,32,32,0,0
Block,288,448,32,32,0,0
Block,288,416,32,32,0,0
Block,320,416,32,32,0,0
Block,320,448,32,32,0,0
Block,352,448,32,32,0,0
Block,352,416,32,32,0,0
Block,384,448,32,32,0,0
Block,384,416,32,32,0,0
Block,416,448,32,32,0,0
Block,448,448,32,32,0,0
Block,480,448,32,32,0,0
Block,512,448,32,32,0,0
Block,544,448,32,32,0,0
Block,576,448,32,32,0,0
Block,608,448,32,32,0,0
Block,640,448,32,32,0,0
Block,672,448,32,32,0,0
Block,704,448,32,32,0,0
Block,736,448,32,32,0,0
Block,768,448,32,32,0,0
Block,800,448,32,32,0,0
Block,832,448,32,32,0,0
Block,864,448,32,32,0,0
Block,896,448,32,32,0,0
Block,960,448,32,32,0,0
Block,928,448,32,32,0,0
Block,992,448,32,32,0,0
Block,1024,448,32,32,0,0
Block,1056,448,32,32,0,0
Block,1088,448,32,32,0,0
Block,1120,480,32,32,0,0
Block,1120,448,32,32,0,0
Block,1152,448,32,32,0,0
Block,1184,448,32,32,0,0
Block,1248,416,32,32,0,0
Block,1216,416,32,32,0,0
Block,1216,448,32,32,0,0
Block,1280,448,32,32,0,0
Block,1280,416,32,32,0,0
Block,1248,448,32,32,0,0
Block,1312,448,32,32,0,0
Block,1312,416,32,32,0,0
Block,1344,416,32,32,0,0
Block,1344,448,32,32,0,0
Block,1376,448,32,32,0,0
Block,1376,416,32,32,0,0
Block,1408,416,32,32,0,0
Block,1408,448,32,32,0,0
Block,1440,448,32,32,0,0
Block,1472,448,32,32,0,0
Block,1440,416,32,32,0,0
Block,1504,448,32,32,0,0
Block,1536,448,32,32,0,0
Block,1568,448,32,32,0,0
Block,1600,448,32,32,0,0
Block,1632,448,32,32,0,0
Block,1664,448,32,32,0,0
Block,1696,448,32,32,0,0
Block,1728,448,32,32,0,0
Block,1760,448,32,32,0,0
Block,1792,448,32,32,0,0
Block,1824,448,32,32,0,0
Block,1856,448,32,32,0,0
Block,1888,448,32,32,0,0
Block,1920,448,32,32,0,0
Block,1952,448,32,32,0,0
Block,1984,416,32,32,0,0
Block,2016,416,32,32,0,0
Block,2016,448,32,32,0,0
Block,1984,448,32,32,0,0
Block,2048,448,32,32,0,0
Block,2048,416,32,32,0,0
Block,2080,416,32,32,0,0
Block,2112,448,32,32,0,0
Block,2080,448,32,32,0,0
Block,2112,416,32,32,0,0
Block,2144,416,32,32,0,0
Block,2144,448,32,32,0,0
Block,2176,448,32,32,0,0
Block,2176,416,32,32,0,0
Block,2208,416,32,32,0,0
Block,2208,448,32,32,0,0
Block,2240,448,32,32,0,0
Block,2240,416,32,32,0,0
Block,2272,416,32,32,0,0
Block,2272,448,32,32,0,0
Block,2304,448,32,32,0,0
Block,2304,416,32,32,0,0
Block,2336,416,32,32,0,0
Block,2336,448,32,32,0,0
Block,2368,448,32,32,0,0
Block,2368,416,32,32,0,0
Block,2400,416,32,32,0,0
Block,2432,416,32,32,0,0
Block,2464,448,32,32,0,0
Block,2432,448,32,32,0,0
Block,2400,448,32,32,0,0
Block,2816,320,32,32,0,0
Block,2816,352,32,32,0,0
Block,2816,384,32,32,0,0
Block,2816,416,32,32,0,0
Block,2816,288,32,32,0,0
Block,2816,448,32,32,0,0
Block,2848,448,32,32,0,0
Block,2848,416,32,32,0,0
Block,2848,384,32,32,0,0
Block,2848,352,32,32,0,0
Block,2848,320,32,32,0,0
Block,2848,288,32,32,0,0
Block,2880,320,32,32,0,0
Block,2880,352,32,32,0,0
Block,2880,384,32,32,0,0
Block,2880,416,32,32,0,0
Block,2880,448,32,32,0,0
Block,2912,448,32,32,0,0
Block,2912,416,32,32,0,0
Block,2912,384,32,32,0,0
Block,2912,352,32,32,0,0
Block,2912,320,32,32,0,0
Block,2944,320,32,32,0,0
Block,2944,352,32,32,0,0
Block,2944,384,32,32,0,0
Block,2944,416,32,32,0,0
Block,2944,448,32,32,0,0
Block,3040,320,32,32,0,0
Block,3008,320,32,32,0,0
Block,2976,320,32,32,0,0
Block,2976,352,32,32,0,0
Block,3008,352,32,32,0,0
Block,3040,352,32,32,0,0
Block,3040,384,32,32,0,0
Block,3008,384,32,32,0,0
Block,2976,384,32,32,0,0
Block,2976,416,32,32,0,0
Block,2976,448,32,32,0,0
Block,3008,448,32,32,0,0
Block,3008,416,32,32,0,0
Block,3040,416,32,32,0,0
Block,3040,448,32,32,0,0
Block,3072,384,32,32,0,0
Block,3072,416,32,32,0,0
Block,3072,448,32,32,0,0
Block,3104,448,32,32,0,0
Block,3104,416,32,32,0,0
Block,3104,384,32,32,0,0
Block,3136,384,32,32,0,0
Block,3136,416,32,32,0,0
Block,3136,448,32,32,0,0
Block,3168,448,32,32,0,0
Block,3168,416,32,32,0,0
Block,3168,384,32,32,0,0
Block,3200,384,32,32,0,0
Block,3200,416,32,32,0,0
Block,3200,448,32,32,0,0
Block,3232,448,32,32,0,0
Block,3232,416,32,32,0,0
Block,3232,384,32,32,0,0
Block,3264,384,32,32,0,0
Block,3264,416,32,32,0,0
Block,3264,448,32,32,0,0
Block,3296,448,32,32,0,0
Block,3296,416,32,32,0,0
Block,3296,384,32,32,0,0
Block,3328,448,32,32,0,0
Block,3328,416,32,32,0,0
Block,3328,384,32,32,0,0
Block,3360,384,32,32,0,0
Block,3360,416,32,32,0,0
Block,3360,448,32,32,0,0
Block,3392,448,32,32,0,0
Block,3392,416,32,32,0,0
Block,3392,384,32,32,0,0
Block,3424,384,32,32,0,0
Block,3424,416,32,32,0,0
Block,3424,448,32,32,0,0
Block,3456,448,32,32,0,0
Block,3456,416,32,32,0,0
Block,3456,384,32,32,0,0
Block,3488,384,32,32,0,0
Block,3488,416,32,32,0,0
Block,3488,448,32,32,0,0
Block,3520,384,32,32,0,0
Block,3520,416,32,32,0,0
Block,3520,448,32,32,0,0
Block,3552,448,32,32,0,0
Block,3552,416,32,32,0,0
Block,3552,384,32,32,0,0
Block,4096,448,32,32,0,0
Block,4128,448,32,32,0,0
Block,4160,448,32,32,0,0
Block,4192,448,32,32,0,0
Block,4224,448,32,32,0,0
Block,4256,448,32,32,0,0
Block,4864,384,32,32,0,0
Block,4864,416,32,32,0,0
Block,4864,448,32,32,0,0
Block,4896,448,32,32,0,0
Block,4896,416,32,32,0,0
Block,4896,384,32,32,0,0
Block,4928,384,32,32,0,0
Block,4928,448,32,32,0,0
Block,4928,416,32,32,0,0
Block,4032,448,32,32,0,0
Block,4064,448,32,32,0,0
Block,4064,416,32,32,0,0
Block,4064,384,32,32,0,0
Block,4032,384,32,32,0,0
Block,4032,416,32,32,0,0
Block,416,416,32,32,0,0
Block,448,416,32,32,0,0
Block,480,416,32,32,0,0
Block,576,416,32,32,0,0
Block,608,416,32,32,0,0
Block,512,416,32,32,0,0
Block,544,416,32,32,0,0
Block,640,416,32,32,0,0
Block,704,416,32,32,0,0
Block,736,416,32,32,0,0
Block,768,416,32,32,0,0
Block,800,416,32,32,0,0
Block,672,416,32,32,0,0
Block,8512,448,32,32,0,0
Block,8544,448,32,32,0,0
Block,9696,384,32,32,0,0
Block,9696,416,32,32,0,0
Block,9696,448,32,32,0,0
Block,9728,448,32,32,0,0
Block,9728,416,32,32,0,0
Block,9728,384,32,32,0,0
Block,9760,384,32,32,0,0
Block,9760,416,32,32,0,0
Block,9760,448,32,32,0,0
Block,9792,448,32,32,0,0
Block,9792,416,32,32,0,0
Block,9792,384,32,32,0,0
Block,9824,384,32,32,0,0
Block,9824,416,32,32,0,0
Block,9824,448,32,32,0,0
Block,9856,416,32,32,0,0
Block,9856,384,32,32,0,0
Block,9856,448,32,32,0,0
Block,9888,448,32,32,0,0
Block,9888,416,32,32,0,0
Block,9888,384,32,32,0,0
Block,9920,384,32,32,0,0
Block,9920,448,32,32,0,0
Block,9952,448,32,32,0,0
Block,9952,416,32,32,0,0
Block,9920,416,32,32,0,0
Block,9952,384,32,32,0,0
Block,9984,384,32,32,0,0
Block,9984,416,32,32,0,0
Block,9984,448,32,32,0,0
Block,10016,448,32,32,0,0
Block,10016,384,32,32,0,0
Block,10048,384,32,32,0,0
Block,10048,416,32,32,0,0
Block,10016,416,32,32,0,0
Block,10048,448,32,32,0,0
Block,10080,448,32,32,0,0
Block,10080,416,32,32,0,0
Block,10080,384,32,32,0,0
Block,10112,416,32,32,0,0
Block,10112,448,32,32,0,0
Block,10112,384,32,32,0,0
Block,10656,416,32,32,0,0
Block,10656,448,32,32,0,0
Block,10688,416,32,32,0,0
Block,10688,448,32,32,0,0
Block,10720,448,32,32,0,0
Block,10720,416,32,32,0,0
Block,10752,416,32,32,0,0
Block,10752,448,32,32,0,0
Block,10784,448,32,32,0,0
Block,10784,416,32,32,0,0
Block,10816,416,32,32,0,0
Block,10816,448,32,32,0,0
Block,10848,448,32,32,0,0
Block,10848,416,32,32,0,0
Block,10880,416,32,32,0,0
Block,10880,448,32,32,0,0
Block,10912,448,32,32,0,0
Block,10912,416,32,32,0,0
Block,10944,416,32,32,0,0
Block,10944,448,32,32,0,0
Block,10976,448,32,32,0,0
Block,10976,416,32,32,0,0
Block,11008,448,32,32,0,0
Block,11584,416,32,32,0,0
Block,11584,448,32,32,0,0
Block,11616,448,32,32,0,0
Block,11616,416,32,32,0,0
Block,11648,416,32,32,0,0
Block,11648,448,32,32,0,0
Block,11680,448,32,32,0,0
Block,11680,416,32,32,0,0
Block,11712,416,32,32,0,0
Block,11712,448,32,32,0,0
Block,11744,448,32,32,0,0
Block,11744,416,32,32,0,0
Block,11776,448,32,32,0,0
Block,11808,416,32,32,0,0
Block,11776,416,32,32,0,0
Block,11808,448,32,32,0,0
Block,11840,448,32,32,0,0
Block,11840,416,32,32,0,0
Block,11872,416,32,32,0,0
Block,11872,448,32,32,0,0
Block,11904,448,32,32,0,0
Block,11904,416,32,32,0,0
Block,11936,416,32,32,0,0
Block,11936,448,32,32,0,0
Block,11968,448,32,32,0,0
Block,11968,416,32,32,0,0
Block,12000,416,32,32,0,0
Block,12000,448,32,32,0,0
Block,12032,448,32,32,0,0
Block,12032,416,32,32,0,0
Block,12064,416,32,32,0,0
Block,12064,448,32,32,0,0
Block,12096,448,32,32,0,0
Block,12096,416,32,32,0,0
Block,12128,416,32,32,0,0
Block,12128,448,32,32,0,0
Block,12160,448,32,32,0,0
Block,12160,416,32,32,0,0
Block,12192,448,32,32,0,0
Block,12192,416,32,32,0,0
Block,12224,416,32,32,0,0
Block,12224,448,32,32,0,0
Block,12256,448,32,32,0,0
Block,12288,448,32,32,0,0
Block,12288,416,32,32,0,0
Block,12256,416,32,32,0,0
Block,12320,416,32,32,0,0
Block,12320,448,32,32,0,0
Block,12352,448,32,32,0,0
Block,12352,416,32,32,0,0
Block,12384,416,32,32,0,0
Block,12384,448,32,32,0,0
Block,12416,416,32,32,0,0
Block,12416,448,32,32,0,0
Block,12448,448,32,32,0,0
Block,12448,416,32,32,0,0
Block,12480,416,32,32,0,0
Block,12480,448,32,32,0,0
Block,12512,416,32,32,0,0
Block,12512,448,32,32,0,0
Block,12544,448,32,32,0,0
Block,12544,416,32,32,0,0
Block,12576,416,32,32,0,0
Block,12608,448,32,32,0,0
Block,12608,416,32,32,0,0
Block,12576,448,32,32,0,0
Block,12640,448,32,32,0,0
Block,12640,416,32,32,0,0
Block,12672,416,32,32,0,0
Block,12672,448,32,32,0,0
Block,12704,448,32,32,0,0
Block,12704,416,32,32,0,0
Block,12736,416,32,32,0,0
Block,12736,448,32,32,0,0
Block,12768,448,32,32,0,0
Block,12768,416,32,32,0,0
Block,12800,416,32,32,0,0
Block,12800,448,32,32,0,0
Block,12832,448,32,32,0,0
Block,12832,416,32,32,0,0
Block,12864,416,32,32,0,0
Block,12864,448,32,32,0,0
Block,12896,448,32,32,0,0
Block,12896,416,32,32,0,0
Block,12928,416,32,32,0,0
Block,12928,448,32,32,0,0
Block,12960,448,32,32,0,0
Block,12960,416,32,32,0,0
Block,12992,448,32,32,0,0
Block,12992,416,32,32,0,0
Block,13024,416,32,32,0,0
Block,13024,448,32,32,0,0
Block,13056,416,32,32,0,0
Block,13056,448,32,32,0,0
Block,13088,416,32,32,0,0
Block,13088,448,32,32,0,0
Block,13120,448,32,32,0,0
Block,13120,416,32,32,0,0
Block,13152,416,32,32,0,0
Block,13152,448,32,32,0,0
Block,13184,448,32,32,0,0
Block,13184,416,32,32,0,0
Block,13216,416,32,32,0,0
Block,13216,448,32,32,0,0
Block,13248,448,32,32,0,0
Block,13248,416,32,32,0,0
Block,10144,384,32,32,0,0
Block,10176,384,32,32,0,0
Block,10208,384,32,32,0,0
Block,10144,416,32,32,0,0
Block,10176,416,32,32,0,0
Block,10208,416,32,32,0,0
Block,10240,416,32,32,0,0
Block,10144,448,32,32,0,0
Block,10176,448,32,32,0,0
Block,10208,448,32,32,0,0
Block,10240,448,32,32,0,0
Block,10272,448,32,32,0,0
Block,10272,416,32,32,0,0
Block,10272,384,32,32,0,0
Block,10304,384,32,32,0,0
Block,10304,416,32,32,0,0
Block,10304,448,32,32,0,0
Block,832,416,32,32,0,0
Block,864,416,32,32,0,0
Block,896,416,32,32,0,0
Block,928,416,32,32,0,0
Block,960,416,32,32,0,0
Block,3072,320,32,32,0,0
Block,3104,320,32,32,0,0
Block,3072,352,32,32,0,0
Block,3136,352,32,32,0,0
Block,3104,352,32,32,0,0
Block,3168,352,32,32,0,0
Block,10240,384,32,32,0,0
Block,3104,288,32,32,0,0
Block,3136,288,32,32,0,0
Block,3136,320,32,32,0,0
Block,3168,320,32,32,0,0
Block,3200,352,32,32,0,0
Block,3232,352,32,32,0,0
Block,3200,320,32,32,0,0
Slope-1,3168,288,64,32,0,0
Slope-1,3232,320,64,32,0,0
Block,3872,384,32,32,0,0
Block,3904,384,32,32,0,0
Block,3936,384,32,32,0,0
Block,3968,384,32,32,0,0
Block,4000,384,32,32,0,0
Block,3872,416,32,32,0,0
Block,3936,416,32,32,0,0
Block,3968,416,32,32,0,0
Block,4000,416,32,32,0,0
Block,3872,448,32,32,0,0
Block,3904,448,32,32,0,0
Block,3936,448,32,32,0,0
Block,3968,448,32,32,0,0
Block,4000,448,32,32,0,0
Block,3904,416,32,32,0,0
Block,5888,320,32,32,0,0
Block,5920,320,32,32,0,0
Block,5952,320,32,32,0,0
Block,5984,320,32,32,0,0
Block,7424,384,32,32,0,0
Block,7392,416,32,32,0,0
Block,7424,416,32,32,0,0
Block,7424,448,32,32,0,0
Block,7392,448,32,32,0,0
Block,7328,448,32,32,0,0
Block,7264,448,32,32,0,0
Block,7296,448,32,32,0,0
Block,7392,384,32,32,0,0
Block,7360,448,32,32,0,0
Block,7456,384,32,32,0,0
Block,7456,416,32,32,0,0
Block,7456,448,32,32,0,0
Block,7488,384,32,32,0,0
Block,7488,416,32,32,0,0
Block,7488,448,32,32,0,0
Block,7520,384,32,32,0,0
Block,7520,416,32,32,0,0
Block,7520,448,32,32,0,0
Block,7520,352,32,32,0,0
Block,7488,352,32,32,0,0
Block,7552,352,32,32,0,0
Block,7552,384,32,32,0,0
Block,7552,416,32,32,0,0
Block,7552,448,32,32,0,0
Block,7584,352,32,32,0,0
Block,7584,384,32,32,0,0
Block,7584,416,32,32,0,0
Block,7584,448,32,32,0,0
Block,7616,448,32,32,0,0
Block,7648,448,32,32,0,0
Block,7680,448,32,32,0,0
Block,7712,448,32,32,0,0
Block,7744,448,32,32,0,0
Block,7776,448,32,32,0,0
Block,7808,448,32,32,0,0
Block,7840,448,32,32,0,0
Block,7872,448,32,32,0,0
Block,7904,448,32,32,0,0
Block,7904,352,32,32,0,0
Block,7936,352,32,32,0,0
Block,7968,352,32,32,0,0
Block,8000,352,32,32,0,0
Block,7936,448,32,32,0,0
Block,7968,448,32,32,0,0
Block,8000,448,32,32,0,0
Block,8032,448,32,32,0,0
Block,8064,416,32,32,0,0
Block,8064,448,32,32,0,0
Block,8096,416,32,32,0,0
Block,8096,448,32,32,0,0
Block,8192,0,32,32,0,0
Block,8192,32,32,32,0,0
Block,8192,64,32,32,0,0
Block,8256,64,32,32,0,0
Block,8288,64,32,32,0,0
Block,8224,32,32,32,0,0
Block,8224,64,32,32,0,0
Block,8256,32,32,32,0,0
Block,8320,32,32,32,0,0
Block,8384,32,32,32,0,0
Block,8224,0,32,32,0,0
Block,8256,0,32,32,0,0
Block,8320,0,32,32,0,0
Block,8416,0,32,32,0,0
Block,8416,32,32,32,0,0
Block,8352,32,32,32,0,0
Block,8352,0,32,32,0,0
Block,8384,0,32,32,0,0
Block,8288,0,32,32,0,0
Block,8288,32,32,32,0,0
Block,8128,448,32,32,0,0
Block,8160,448,32,32,0,0
Block,8192,448,32,32,0,0
Block,8224,448,32,32,0,0
Block,8256,448,32,32,0,0
Block,8576,448,32,32,0,0
Block,8608,448,32,32,0,0
Block,8640,448,32,32,0,0
Block,8128,416,32,32,0,0
Block,8160,416,32,32,0,0
Block,8736,448,32,32,0,0
Block,8704,448,32,32,0,0
Block,8672,448,32,32,0,0
Block,8448,0,32,32,0,0
Block,8448,32,32,32,0,0
Block,8480,0,32,32,0,0
Block,8480,32,32,32,0,0
Block,8320,64,32,32,0,0
Block,8160,64,32,32,0,0
Block,8160,32,32,32,0,0
Block,8160,0,32,32,0,0
Block,8896,448,32,32,0,0
Block,8928,448,32,32,0,0
Block,8960,448,32,32,0,0
Block,9024,448,32,32,0,0
Block,8992,448,32,32,0,0
Block,10336,384,32,32,0,0
Block,10336,416,32,32,0,0
Block,10336,448,32,32,0,0
Block,10368,384,32,32,0,0
Block,10400,448,32,32,0,0
Block,10400,384,32,32,0,0
Block,10400,416,32,32,0,0
Block,10368,416,32,32,0,0
Block,10368,448,32,32,0,0
Block,10432,384,32,32,0,0
Block,10432,416,32,32,0,0
Block,10432,448,32,32,0,0
Block,10464,384,32,32,0,0
Block,10464,416,32,32,0,0
Block,10464,448,32,32,0,0
Block,10496,384,32,32,0,0
Block,10496,448,32,32,0,0
Block,10528,384,32,32,0,0
Block,10528,416,32,32,0,0
Block,10528,448,32,32,0,0
Block,10496,416,32,32,0,0
Block,10560,384,32,32,0,0
Block,10560,416,32,32,0,0
Block,10560,448,32,32,0,0
Block,10592,384,32,32,0,0
Block,10592,448,32,32,0,0
Block,10624,384,32,32,0,0
Block,10624,416,32,32,0,0
Block,10624,448,32,32,0,0
Block,10592,416,32,32,0,0
CollapsingBlock,11744,128,32,32,0,0
CollapsingBlock,11584,192,32,32,0,0
Block,9696,352,32,32,0,0
Block,9728,352,32,32,0,0
Block,9760,352,32,32,0,0
Block,9792,352,32,32,0,0
Block,9824,352,32,32,0,0
Block,9856,352,32,32,0,0
Block,9888,352,32,32,0,0
Block,9920,352,32,32,0,0
Block,9952,352,32,32,0,0
Slope-0,9984,352,32,32,0,0
CollapsingBlock,5536,352,32,32,0,0
CollapsingBlock,5600,352,32,32,0,0
CollapsingBlock,5632,352,32,32,0,0
CollapsingBlock,5664,352,32,32,0,0
CollapsingBlock,5696,352,32,32,0,0
CollapsingBlock,5728,352,32,32,0,0
CollapsingBlock,5760,352,32,32,0,0
CollapsingBlock,5792,352,32,32,0,0
CollapsingBlock,5824,352,32,32,0,0
CollapsingBlock,5568,352,32,32,0,0
Block,3264,352,32,32,0,0
Block,3296,352,32,32,0,0
Block,3552,352,32,32,0,0
Block,3872,352,32,32,0,0
Block,3936,352,32,32,0,0
Block,3904,352,32,32,0,0
Block,3968,352,32,32,0,0
Block,4000,352,32,32,0,0
Block,4032,352,32,32,0,0
Block,4064,352,32,32,0,0
CollapsingBlock,4288,352,32,32,0,0
CollapsingBlock,4320,352,32,32,0,0
CollapsingBlock,4352,352,32,32,0,0
CollapsingBlock,4384,352,32,32,0,0
CollapsingBlock,4416,352,32,32,0,0
CollapsingBlock,4448,352,32,32,0,0
CollapsingBlock,4480,352,32,32,0,0
CollapsingBlock,4512,352,32,32,0,0
CollapsingBlock,4544,352,32,32,0,0
Block,5920,288,32,32,0,0
Block,5952,288,32,32,0,0
Block,5984,288,32,32,0,0
Block,6016,288,32,32,0,0
Block,5888,288,32,32,0,0
CollapsingBlock,5856,352,32,32,0,0
Block,13280,416,32,32,0,0
Block,13280,448,32,32,0,0
Block,13312,416,32,32,0,0
Block,13312,448,32,32,0,0
Block,13344,416,32,32,0,0
Block,13344,448,32,32,0,0
Block,13376,416,32,32,0,0
Block,13408,416,32,32,0,0
Block,13408,448,32,32,0,0
Block,13376,448,32,32,0,0
Block,13440,416,32,32,0,0
Block,13440,448,32,32,0,0
Block,13472,448,32,32,0,0
Block,13472,416,32,32,0,0
Block,13504,416,32,32,0,0
Block,13504,448,32,32,0,0
Block,13536,416,32,32,0,0
Block,13536,448,32,32,0,0
Block,13568,416,32,32,0,0
Block,13568,448,32,32,0,0
Block,13600,416,32,32,0,0
Block,13632,416,32,32,0,0
Block,13632,448,32,32,0,0
Block,13600,448,32,32,0,0
Block,13664,448,32,32,0,0
Block,13664,416,32,32,0,0
Block,13696,416,32,32,0,0
Block,13728,416,32,32,0,0
Block,13760,416,32,32,0,0
Block,13824,416,32,32,0,0
Block,13856,416,32,32,0,0
Block,13696,448,32,32,0,0
Block,13728,448,32,32,0,0
Block,13792,448,32,32,0,0
Block,13856,448,32,32,0,0
Block,13792,416,32,32,0,0
Block,13760,448,32,32,0,0
Block,13824,448,32,32,0,0
Block,1952,0,32,32,0,0
Block,1984,32,32,32,0,0
Block,1984,0,32,32,0,0
Block,1984,64,32,32,0,0
Block,1952,32,32,32,0,0
Block,2016,32,32,32,0,0
Block,2016,64,32,32,0,0
Block,2048,32,32,32,0,0
Block,2048,64,32,32,0,0
Block,2016,0,32,32,0,0
Block,2048,0,32,32,0,0
Block,2112,0,32,32,0,0
Block,2176,0,32,32,0,0
Block,2240,0,32,32,0,0
Block,2272,0,32,32,0,0
Block,2336,0,32,32,0,0
Block,2080,32,32,32,0,0
Block,2112,32,32,32,0,0
Block,2080,64,32,32,0,0
-Slope-0,2368,64,32,32,0,0
-Slope-0,2400,32,32,32,0,0
Block,2368,32,32,32,0,0
Block,2368,0,32,32,0,0
Block,2400,0,32,32,0,0
Block,1920,0,32,32,0,0
Water,2496,448,32,32,0,0
Water,2528,448,32,32,0,0
Water,2560,448,32,32,0,0
Water,2592,448,32,32,0,0
Water,2624,448,32,32,0,0
Water,2656,448,32,32,0,0
Water,2688,448,32,32,0,0
Water,2752,448,32,32,0,0
Water,2784,448,32,32,0,0
Water,2720,448,32,32,0,0
CollapsingBlock,2624,320,32,32,0,0
CollapsingBlock,2784,416,32,32,0,0
Water,3584,448,32,32,0,0
Water,3616,448,32,32,0,0
Water,3808,448,32,32,0,0
Water,3840,448,32,32,0,0
Block,3456,0,32,32,0,0
Block,3456,32,32,32,0,0
Block,3488,32,32,32,0,0
Block,3520,32,32,32,0,0
Block,3552,32,32,32,0,0
Block,3648,32,32,32,0,0
Block,3744,32,32,32,0,0
Block,3808,32,32,32,0,0
Block,3840,32,32,32,0,0
Block,3488,0,32,32,0,0
Block,3520,0,32,32,0,0
Block,3616,0,32,32,0,0
Block,3584,32,32,32,0,0
Block,3616,32,32,32,0,0
Block,3584,0,32,32,0,0
Block,3552,0,32,32,0,0
Block,3648,0,32,32,0,0
Block,3680,0,32,32,0,0
Block,3680,32,32,32,0,0
Block,3712,32,32,32,0,0
Block,3712,0,32,32,0,0
Block,3744,0,32,32,0,0
Block,3776,0,32,32,0,0
Block,3776,32,32,32,0,0
Block,3840,0,32,32,0,0
Block,3872,0,32,32,0,0
Block,3808,0,32,32,0,0
Block,3872,32,32,32,0,0
Block,3904,32,32,32,0,0
Block,3904,0,32,32,0,0
Block,3936,32,32,32,0,0
Block,3936,0,32,32,0,0
Block,3968,32,32,32,0,0
Block,3968,0,32,32,0,0
Block,4000,32,32,32,0,0
Block,4000,0,32,32,0,0
Block,4032,32,32,32,0,0
Block,4032,0,32,32,0,0
Block,4064,32,32,32,0,0
Block,4064,0,32,32,0,0
CollapsingBlock,4096,352,32,32,0,0
CollapsingBlock,4128,352,32,32,0,0
CollapsingBlock,4160,352,32,32,0,0
CollapsingBlock,4192,352,32,32,0,0
CollapsingBlock,4224,352,32,32,0,0
CollapsingBlock,4256,352,32,32,0,0
DamageBlock,4096,416,32,32,0,0
DamageBlock,4128,416,32,32,0,0
DamageBlock,4160,416,32,32,0,0
DamageBlock,4192,416,32,32,0,0
DamageBlock,4224,416,32,32,0,0
DamageBlock,4256,416,32,32,0,0
DamageBlock,4032,320,32,32,0,0
DamageBlock,4064,320,32,32,0,0
CollapsingBlock,4576,352,32,32,0,0
CollapsingBlock,4608,352,32,32,0,0
CollapsingBlock,4640,352,32,32,0,0
CollapsingBlock,4672,352,32,32,0,0
CollapsingBlock,4704,352,32,32,0,0
CollapsingBlock,4736,352,32,32,0,0
CollapsingBlock,4768,352,32,32,0,0
CollapsingBlock,4800,352,32,32,0,0
CollapsingBlock,4832,352,32,32,0,0
Water,4288,448,32,32,0,0
Water,4320,448,32,32,0,0
Water,4352,448,32,32,0,0
Water,4384,448,32,32,0,0
Water,4416,448,32,32,0,0
Water,4448,448,32,32,0,0
Water,4480,448,32,32,0,0
Water,4512,448,32,32,0,0
Water,4544,448,32,32,0,0
Water,4576,448,32,32,0,0
Water,4608,448,32,32,0,0
Water,4672,448,32,32,0,0
Water,4704,448,32,32,0,0
Water,4736,448,32,32,0,0
Water,4768,448,32,32,0,0
Water,4800,448,32,32,0,0
Water,4832,448,32,32,0,0
Water,4640,448,32,32,0,0
Block,4864,352,32,32,0,0
Block,4960,448,32,32,0,0
Block,4960,416,32,32,0,0
Block,4992,416,32,32,0,0
Block,4992,448,32,32,0,0
CollapsingBlock,5504,352,32,32,0,0
CollapsingBlock,5472,352,32,32,0,0
CollapsingBlock,5440,352,32,32,0,0
CollapsingBlock,5408,352,32,32,0,0
CollapsingBlock,5376,352,32,32,0,0
CollapsingBlock,5344,352,32,32,0,0
CollapsingBlock,5312,352,32,32,0,0
CollapsingBlock,5280,352,32,32,0,0
CollapsingBlock,5248,352,32,32,0,0
CollapsingBlock,5216,352,32,32,0,0
CollapsingBlock,5184,352,32,32,0,0
CollapsingBlock,5152,352,32,32,0,0
CollapsingBlock,5120,352,32,32,0,0
CollapsingBlock,5088,352,32,32,0,0
CollapsingBlock,5056,352,32,32,0,0
CollapsingBlock,5024,352,32,32,0,0
CollapsingBlock,4992,352,32,32,0,0
CollapsingBlock,4960,352,32,32,0,0
Block,4896,352,32,32,0,0
Block,4928,352,32,32,0,0
DamageBlock,4960,384,32,32,0,0
DamageBlock,4992,384,32,32,0,0
Block,5888,256,32,32,0,0
Block,5920,256,32,32,0,0
Block,5952,256,32,32,0,0
Block,5984,256,32,32,0,0
Block,6016,256,32,32,0,0
Block,6048,256,32,32,0,0
Block,5888,224,32,32,0,0
Block,5920,224,32,32,0,0
Block,5984,224,32,32,0,0
Block,6016,224,32,32,0,0
Block,6048,224,32,32,0,0
Block,5888,192,32,32,0,0
Block,5920,192,32,32,0,0
Block,6048,192,32,32,0,0
Block,5952,224,32,32,0,0
Block,5984,192,32,32,0,0
Block,6016,192,32,32,0,0
Block,5952,192,32,32,0,0
Block,7168,256,32,32,0,0
Block,7200,256,32,32,0,0
Block,7232,256,32,32,0,0
Block,7232,288,32,32,0,0
Block,7136,256,32,32,0,0
Block,7136,288,32,32,0,0
Block,7168,288,32,32,0,0
Block,7200,288,32,32,0,0
Block,7136,192,32,32,0,0
Block,7168,192,32,32,0,0
Block,7168,224,32,32,0,0
Block,7136,224,32,32,0,0
Block,7136,160,32,32,0,0
Block,7168,160,32,32,0,0
Block,7200,192,32,32,0,0
Block,7200,224,32,32,0,0
Block,7232,192,32,32,0,0
Block,7232,160,32,32,0,0
Block,7232,224,32,32,0,0
Block,7200,160,32,32,0,0
Block,6240,128,32,32,0,0
Block,6272,128,32,32,0,0
Block,6208,160,32,32,0,0
Block,6208,192,32,32,0,0
Block,6240,224,32,32,0,0
Block,6272,224,32,32,0,0
Block,6304,192,32,32,0,0
Block,6304,160,32,32,0,0
Block,6240,160,32,32,0,0
Block,6240,192,32,32,0,0
Block,6272,160,32,32,0,0
Block,6272,192,32,32,0,0
Block,6464,288,32,32,0,0
Block,6496,288,32,32,0,0
Block,6432,320,32,32,0,0
Block,6432,352,32,32,0,0
Block,6464,384,32,32,0,0
Block,6496,384,32,32,0,0
Block,6528,352,32,32,0,0
Block,6528,320,32,32,0,0
Block,6464,320,32,32,0,0
Block,6464,352,32,32,0,0
Block,6496,320,32,32,0,0
Block,6496,352,32,32,0,0
Slope0,6208,128,32,32,0,0
Slope0,6432,288,32,32,0,0
Slope-0,6304,128,32,32,0,0
Slope-0,6528,288,32,32,0,0
-Slope0,6208,224,32,32,0,0
-Slope0,6432,384,32,32,0,0
-Slope-0,6304,224,32,32,0,0
-Slope-0,6528,384,32,32,0,0
CollapsingBlock,5888,448,32,32,0,0
CollapsingBlock,5920,448,32,32,0,0
CollapsingBlock,5952,448,32,32,0,0
CollapsingBlock,5984,448,32,32,0,0
CollapsingBlock,6048,448,32,32,0,0
CollapsingBlock,6016,448,32,32,0,0
CollapsingBlock,6432,128,32,32,0,0
CollapsingBlock,6464,128,32,32,0,0
CollapsingBlock,6496,128,32,32,0,0
CollapsingBlock,6528,128,32,32,0,0
Block,6688,32,32,32,0,0
Block,6688,64,32,32,0,0
Block,6720,64,32,32,0,0
Block,6752,64,32,32,0,0
Block,6752,96,32,32,0,0
Block,6752,128,32,32,0,0
Block,6752,160,32,32,0,0
Block,6720,160,32,32,0,0
Block,6720,192,32,32,0,0
Block,6688,320,32,32,0,0
Block,6688,352,32,32,0,0
Block,6720,352,32,32,0,0
Block,6752,352,32,32,0,0
Block,6784,352,32,32,0,0
Block,6720,384,32,32,0,0
Block,6720,416,32,32,0,0
Block,6688,448,32,32,0,0
Block,6720,448,32,32,0,0
Block,6784,384,32,32,0,0
Block,6816,384,32,32,0,0
Block,6816,416,32,32,0,0
Block,6848,416,32,32,0,0
Block,6880,448,32,32,0,0
Block,6784,448,32,32,0,0
Block,6912,384,32,32,0,0
Block,6944,416,32,32,0,0
Block,7008,448,32,32,0,0
Block,6656,416,32,32,0,0
Block,6592,448,32,32,0,0
Block,6816,448,32,32,0,0
Block,6752,384,32,32,0,0
Block,6688,416,32,32,0,0
Block,6816,32,32,32,0,0
Block,6816,64,32,32,0,0
Block,6784,96,32,32,0,0
Block,6784,128,32,32,0,0
Block,6816,160,32,32,0,0
Block,6848,96,32,32,0,0
Block,6880,32,32,32,0,0
Block,6656,32,32,32,0,0
Block,6912,32,32,32,0,0
Block,6784,32,32,32,0,0
Block,6656,0,32,32,0,0
Block,6752,0,32,32,0,0
Block,6784,0,32,32,0,0
Block,6816,0,32,32,0,0
Block,6848,0,32,32,0,0
Block,6880,0,32,32,0,0
Block,6912,0,32,32,0,0
Block,6688,0,32,32,0,0
Block,6720,0,32,32,0,0
Block,6912,320,32,32,0,0
CollapsingBlock,6976,320,32,32,0,0
CollapsingBlock,7008,320,32,32,0,0
CollapsingBlock,7040,320,32,32,0,0
CollapsingBlock,7072,448,32,32,0,0
CollapsingBlock,7104,448,32,32,0,0
CollapsingBlock,7136,448,32,32,0,0
CollapsingBlock,7168,448,32,32,0,0
CollapsingBlock,7200,448,32,32,0,0
CollapsingBlock,7232,448,32,32,0,0
CollapsingBlock,7040,448,32,32,0,0
CollapsingBlock,6976,448,32,32,0,0
CollapsingBlock,6944,448,32,32,0,0
CollapsingBlock,6912,448,32,32,0,0
Block,7616,352,32,32,0,0
Block,7680,352,32,32,0,0
Block,7648,352,32,32,0,0
Block,7712,352,32,32,0,0
Block,7616,384,32,32,0,0
Block,7616,416,32,32,0,0
Block,7616,320,32,32,0,0
Block,7648,320,32,32,0,0
Block,7680,320,32,32,0,0
Block,7712,320,32,32,0,0
Block,7904,320,32,32,0,0
Block,7936,320,32,32,0,0
Block,7968,320,32,32,0,0
Block,8000,320,32,32,0,0
Block,8128,384,32,32,0,0
Block,8128,0,32,32,0,0
Block,8128,32,32,32,0,0
Block,8096,0,32,32,0,0
Block,8096,32,32,32,0,0
Block,8480,224,32,32,0,0
Block,8512,256,32,32,0,0
Block,8544,256,32,32,0,0
Block,8576,224,32,32,0,0
Block,8480,192,32,32,0,0
Block,8512,160,32,32,0,0
Block,8544,160,32,32,0,0
Block,8576,192,32,32,0,0
CollapsingBlock,8768,448,32,32,0,0
CollapsingBlock,8800,448,32,32,0,0
CollapsingBlock,8832,448,32,32,0,0
CollapsingBlock,8864,448,32,32,0,0
CollapsingBlock,8288,448,32,32,0,0
CollapsingBlock,8320,448,32,32,0,0
CollapsingBlock,8352,448,32,32,0,0
CollapsingBlock,8384,448,32,32,0,0
CollapsingBlock,8448,448,32,32,0,0
CollapsingBlock,8480,448,32,32,0,0
CollapsingBlock,8416,448,32,32,0,0
CollapsingBlock,9472,224,32,32,0,0
CollapsingBlock,9504,224,32,32,0,0
CollapsingBlock,9536,224,32,32,0,0
DamageBlock,10656,384,32,32,0,0
DamageBlock,10688,384,32,32,0,0
DamageBlock,10720,384,32,32,0,0
DamageBlock,10752,384,32,32,0,0
DamageBlock,10784,384,32,32,0,0
DamageBlock,10816,384,32,32,0,0
DamageBlock,10848,384,32,32,0,0
CollapsingBlock,11168,128,32,32,0,0
CollapsingBlock,11264,192,32,32,0,0
CollapsingBlock,11136,256,32,32,0,0
CollapsingBlock,11072,384,32,32,0,0
CollapsingBlock,11424,352,32,32,0,0
CollapsingBlock,11360,416,32,32,0,0
CollapsingBlock,11264,352,32,32,0,0
CollapsingBlock,11520,288,32,32,0,0
CollapsingBlock,11424,160,32,32,0,0
CollapsingBlock,11552,416,32,32,0,0
CollapsingBlock,11136,448,32,32,0,0
CollapsingBlock,11488,448,32,32,0,0
CollapsingBlock,11008,160,32,32,0,0
CollapsingBlock,10944,224,32,32,0,0
CollapsingBlock,11712,256,32,32,0,0
CollapsingBlock,11808,320,32,32,0,0
Block,12032,128,32,32,0,0
Block,12064,128,32,32,0,0
Block,12032,160,32,32,0,0
Block,12064,160,32,32,0,0
Block,12032,192,32,32,0,0
Block,12064,192,32,32,0,0
Block,12032,224,32,32,0,0
Block,12064,224,32,32,0,0
Block,12000,160,32,32,0,0
Block,12000,192,32,32,0,0
Block,12096,160,32,32,0,0
Block,12096,192,32,32,0,0
Slope0,12000,128,32,32,0,0
Slope-0,12096,128,32,32,0,0
-Slope0,12000,224,32,32,0,0
-Slope-0,12096,224,32,32,0,0
Slope0,12032,96,32,32,0,0
Slope0,11968,160,32,32,0,0
Slope-0,12064,96,32,32,0,0
Slope-0,12128,160,32,32,0,0
-Slope0,11968,192,32,32,0,0
-Slope0,12032,256,32,32,0,0
-Slope-0,12064,256,32,32,0,0
-Slope-0,12128,192,32,32,0,0
Slope0,1952,416,32,32,0,0
Block,2464,416,32,32,0,0
CollapsingBlock,3328,352,32,32,0,0
CollapsingBlock,3360,352,32,32,0,0
CollapsingBlock,3392,352,32,32,0,0
CollapsingBlock,3424,352,32,32,0,0
CollapsingBlock,3456,352,32,32,0,0
CollapsingBlock,3488,352,32,32,0,0
CollapsingBlock,3520,352,32,32,0,0
CollapsingBlock,6208,384,32,32,0,0
CollapsingBlock,6240,384,32,32,0,0
CollapsingBlock,6272,384,32,32,0,0
CollapsingBlock,6304,384,32,32,0,0
CollapsingBlock,3680,448,32,32,0,0
CollapsingBlock,3712,448,32,32,0,0
CollapsingBlock,3744,448,32,32,0,0
CollapsingBlock,6848,384,32,32,0,0
CollapsingBlock,6720,320,32,32,0,0
CollapsingBlock,6752,320,32,32,0,0
CollapsingBlock,6944,352,32,32,0,0
Block,7136,128,32,32,0,0
Block,7136,64,32,32,0,0
Block,7136,32,32,32,0,0
Block,7136,0,32,32,0,0
Block,7168,0,32,32,0,0
Block,7200,0,32,32,0,0
Block,7232,0,32,32,0,0
Block,7232,64,32,32,0,0
Block,7232,96,32,32,0,0
Block,7232,128,32,32,0,0
Block,7200,128,32,32,0,0
Block,7168,128,32,32,0,0
Block,7168,96,32,32,0,0
Block,7200,96,32,32,0,0
Block,7200,64,32,32,0,0
Block,7200,32,32,32,0,0
Block,7168,32,32,32,0,0
Block,7168,64,32,32,0,0
Block,7136,96,32,32,0,0
Block,7232,32,32,32,0,0
CollapsingBlock,7072,320,32,32,0,0
CollapsingBlock,7104,320,32,32,0,0
Block,7648,288,32,32,0,0
Block,7680,288,32,32,0,0
Block,7712,288,32,32,0,0
Block,7744,288,32,32,0,0
Block,7776,288,32,32,0,0
Block,7808,288,32,32,0,0
Block,7840,288,32,32,0,0
Block,7712,256,32,32,0,0
Block,7744,256,32,32,0,0
Block,7808,256,32,32,0,0
Block,7840,256,32,32,0,0
Block,7872,256,32,32,0,0
Block,7936,256,32,32,0,0
Block,7776,256,32,32,0,0
Block,7744,224,32,32,0,0
Block,7776,224,32,32,0,0
Block,7808,224,32,32,0,0
Block,7840,224,32,32,0,0
Block,7872,224,32,32,0,0
Block,7904,224,32,32,0,0
Block,7808,192,32,32,0,0
Block,7872,192,32,32,0,0
Block,7904,192,32,32,0,0
Block,7936,192,32,32,0,0
Block,7968,192,32,32,0,0
Block,7840,192,32,32,0,0
Block,7872,160,32,32,0,0
Block,7904,160,32,32,0,0
Block,7968,160,32,32,0,0
Block,8000,160,32,32,0,0
Block,7936,160,32,32,0,0
Block,7904,256,32,32,0,0
Block,7872,288,32,32,0,0
Block,7904,288,32,32,0,0
Block,7936,224,32,32,0,0
Block,8000,192,32,32,0,0
Block,7968,224,32,32,0,0
Block,7936,288,32,32,0,0
Block,8032,352,32,32,0,0
Block,8032,384,32,32,0,0
Block,8032,416,32,32,0,0
Block,8064,352,32,32,0,0
Block,8064,384,32,32,0,0
Block,8096,384,32,32,0,0
Block,8000,384,32,32,0,0
Block,7968,384,32,32,0,0
Block,8000,416,32,32,0,0
Block,7968,416,32,32,0,0
Block,7936,384,32,32,0,0
Block,7936,416,32,32,0,0
Block,7904,416,32,32,0,0
Block,7904,384,32,32,0,0
Block,7648,384,32,32,0,0
Block,7648,416,32,32,0,0
Block,7680,384,32,32,0,0
Block,7680,416,32,32,0,0
Block,7712,384,32,32,0,0
Block,7712,416,32,32,0,0
Block,7744,320,32,32,0,0
Block,7776,320,32,32,0,0
Block,7808,320,32,32,0,0
Block,7840,320,32,32,0,0
Block,7872,320,32,32,0,0
Block,7264,96,32,32,0,0
Block,7296,96,32,32,0,0
Block,7328,96,32,32,0,0
Block,7328,64,32,32,0,0
Block,7328,32,32,32,0,0
Block,7328,0,32,32,0,0
Block,7296,0,32,32,0,0
Block,7264,0,32,32,0,0
Block,8576,160,32,32,0,0
Block,8576,256,32,32,0,0
Block,8480,160,32,32,0,0
Block,8512,128,32,32,0,0
Block,8544,128,32,32,0,0
Block,8608,192,32,32,0,0
Block,8608,224,32,32,0,0
Block,8480,256,32,32,0,0
Block,2880,288,32,32,0,0
Block,2912,288,32,32,0,0
Block,2944,288,32,32,0,0
Block,2976,288,32,32,0,0
Block,3008,288,32,32,0,0
Block,3040,288,32,32,0,0
Block,3072,288,32,32,0,0
CollapsingBlock,7072,352,32,32,0,0
CollapsingBlock,7104,352,32,32,0,0
CollapsingBlock,7072,384,32,32,0,0
CollapsingBlock,7104,384,32,32,0,0
CollapsingBlock,7072,416,32,32,0,0
CollapsingBlock,7104,416,32,32,0,0
Block,7968,256,32,32,0,0
Block,7968,288,32,32,0,0
Block,8000,224,32,32,0,0
Block,8000,256,32,32,0,0
Block,8000,288,32,32,0,0
CollapsingBlock,9184,288,32,32,0,0
CollapsingBlock,9216,288,32,32,0,0
CollapsingBlock,9248,288,32,32,0,0
CollapsingBlock,9280,288,32,32,0,0
CollapsingBlock,9184,320,32,32,0,0
CollapsingBlock,9216,320,32,32,0,0
CollapsingBlock,9248,320,32,32,0,0
CollapsingBlock,9280,320,32,32,0,0
CollapsingBlock,9472,192,32,32,0,0
CollapsingBlock,9504,192,32,32,0,0
CollapsingBlock,9536,192,32,32,0,0
Water,11552,448,32,32,0,0
Water,11520,448,32,32,0,0
Water,11488,448,32,32,0,0
Water,11456,448,32,32,0,0
Water,11424,448,32,32,0,0
Water,11392,448,32,32,0,0
Water,11360,448,32,32,0,0
Water,11328,448,32,32,0,0
Water,11296,448,32,32,0,0
Water,11264,448,32,32,0,0
Water,11232,448,32,32,0,0
Water,11200,448,32,32,0,0
Water,11136,448,32,32,0,0
Water,11104,448,32,32,0,0
Water,11072,448,32,32,0,0
Water,11040,448,32,32,0,0
Water,11168,448,32,32,0,0
Water,9664,448,32,32,0,0
Water,9632,448,32,32,0,0
Water,9600,448,32,32,0,0
Water,9568,448,32,32,0,0
Water,9504,448,32,32,0,0
Water,9472,448,32,32,0,0
Water,9440,448,32,32,0,0
Water,9408,448,32,32,0,0
Water,9376,448,32,32,0,0
Water,9536,448,32,32,0,0
Water,9344,448,32,32,0,0
Water,9312,448,32,32,0,0
Water,9280,448,32,32,0,0
Water,9248,448,32,32,0,0
Water,9216,448,32,32,0,0
Water,9184,448,32,32,0,0
Water,9152,448,32,32,0,0
Water,9056,448,32,32,0,0
Water,9088,448,32,32,0,0
Water,9120,448,32,32,0,0
Water,8288,448,32,32,0,0
Water,8320,448,32,32,0,0
Water,8352,448,32,32,0,0
Water,8384,448,32,32,0,0
Water,8416,448,32,32,0,0
Water,8448,448,32,32,0,0
Water,8480,448,32,32,0,0
Water,8768,448,32,32,0,0
Water,8800,448,32,32,0,0
Water,8832,448,32,32,0,0
Water,8864,448,32,32,0,0
Water,7232,448,32,32,0,0
Water,7200,448,32,32,0,0
Water,7168,448,32,32,0,0
Water,7136,448,32,32,0,0
Water,7104,448,32,32,0,0
Water,7072,448,32,32,0,0
Water,7040,448,32,32,0,0
Water,6976,448,32,32,0,0
Water,6944,448,32,32,0,0
Water,6912,448,32,32,0,0
Water,6848,448,32,32,0,0
Water,6752,448,32,32,0,0
Water,6656,448,32,32,0,0
Water,6624,448,32,32,0,0
Water,6560,448,32,32,0,0
Water,6528,448,32,32,0,0
Water,6496,448,32,32,0,0
Water,6464,448,32,32,0,0
Water,6432,448,32,32,0,0
Water,6400,448,32,32,0,0
Water,6368,448,32,32,0,0
Water,6336,448,32,32,0,0
Water,6080,448,32,32,0,0
Water,6112,448,32,32,0,0
Water,6144,448,32,32,0,0
Water,6176,448,32,32,0,0
Water,6208,448,32,32,0,0
Water,6240,448,32,32,0,0
Water,6272,448,32,32,0,0
Water,6304,448,32,32,0,0
Water,6080,416,32,32,0,0
Water,6112,416,32,32,0,0
Water,6080,384,32,32,0,0
Water,6112,384,32,32,0,0
Water,6080,352,32,32,0,0
Water,6112,352,32,32,0,0
Water,6080,320,32,32,0,0
Water,6112,320,32,32,0,0
Water,6080,288,32,32,0,0
Water,6112,288,32,32,0,0
Water,6112,256,32,32,0,0
Water,6112,224,32,32,0,0
Water,6112,192,32,32,0,0
Water,6112,160,32,32,0,0
Water,6112,128,32,32,0,0
Water,6112,96,32,32,0,0
Water,6112,64,32,32,0,0
Water,6112,32,32,32,0,0
Water,6112,0,32,32,0,0
Water,6080,0,32,32,0,0
Water,6080,32,32,32,0,0
Water,6080,64,32,32,0,0
Water,6080,96,32,32,0,0
Water,6080,128,32,32,0,0
Water,6080,160,32,32,0,0
Water,6080,192,32,32,0,0
Water,6080,224,32,32,0,0
Water,6080,256,32,32,0,0
Water,6048,448,32,32,0,0
Water,6016,448,32,32,0,0
Water,5984,448,32,32,0,0
Water,5952,448,32,32,0,0
Water,5920,448,32,32,0,0
Water,5888,448,32,32,0,0
Water,5824,448,32,32,0,0
Water,5792,448,32,32,0,0
Water,5760,448,32,32,0,0
Water,5728,448,32,32,0,0
Water,5696,448,32,32,0,0
Water,5664,448,32,32,0,0
Water,5632,448,32,32,0,0
Water,5856,448,32,32,0,0
Water,5600,448,32,32,0,0
Water,5568,448,32,32,0,0
Water,5536,448,32,32,0,0
Water,5504,448,32,32,0,0
Water,5472,448,32,32,0,0
Water,5440,448,32,32,0,0
Water,5408,448,32,32,0,0
Water,5344,448,32,32,0,0
Water,5312,448,32,32,0,0
Water,5280,448,32,32,0,0
Water,5248,448,32,32,0,0
Water,5376,448,32,32,0,0
Water,5216,448,32,32,0,0
Water,5184,448,32,32,0,0
Water,5152,448,32,32,0,0
Water,5120,448,32,32,0,0
Water,5088,448,32,32,0,0
Water,5056,448,32,32,0,0
Water,5024,448,32,32,0,0
DamageBlock,1184,384,32,32,0,0
DamageBlock,1216,384,32,32,0,0
DamageBlock,1248,384,32,32,0,0
DamageBlock,1280,384,32,32,0,0
DamageBlock,1312,384,32,32,0,0
DamageBlock,1344,384,32,32,0,0
DamageBlock,1376,384,32,32,0,0
DamageBlock,1408,384,32,32,0,0
DamageBlock,1440,384,32,32,0,0